t,coarse_assemble,helmholtz_assemble,coarse_solve,helmholtz_solve,ind_calc,ind_assemble,ind_solve 
0.001,0.371668100357,0.291455984116,3.13017892838,3.04806399345,1.62464189529,0.457885980606,3.58123707771
0.002,0.371668100357,0.291455984116,3.11426019669,3.06156396866,1.63712310791,0.458750963211,3.52994608879
0.003,0.371668100357,0.291455984116,3.12438583374,3.03802895546,1.66878795624,0.4607629776,3.53641796112
0.004,0.371668100357,0.291455984116,3.12536501884,3.12515807152,1.71291899681,0.468142986298,3.82092189789
0.005,0.371668100357,0.291455984116,3.43291902542,3.33636903763,1.74128317833,0.455006122589,3.86142897606
0.006,0.371668100357,0.291455984116,3.39354109764,3.32875418663,1.68322110176,0.457710027695,3.77874803543
0.007,0.371668100357,0.291455984116,3.38456916809,3.33672189713,1.69825983047,0.462204933167,3.80992412567
0.008,0.371668100357,0.291455984116,3.40285181999,3.30779790878,1.7023499012,0.455684900284,3.78188109398
0.009,0.371668100357,0.291455984116,3.40859603882,3.35257601738,1.68300390244,0.466253995895,3.80591988564
0.01,0.371668100357,0.291455984116,3.37987804413,3.32313799858,1.69181489944,0.454084157944,3.84718608856
0.011,0.371668100357,0.291455984116,3.39222002029,3.32179379463,1.69895982742,0.460465908051,3.77930498123
0.012,0.371668100357,0.291455984116,3.35482597351,3.3011610508,1.70811414719,0.466459989548,3.72235298157
0.013,0.371668100357,0.291455984116,3.36251616478,3.28961420059,1.7062599659,0.455962896347,3.75009202957
0.014,0.371668100357,0.291455984116,3.36924505234,3.29551196098,1.70180797577,0.459938049316,3.76002001762
0.015,0.371668100357,0.291455984116,3.36445403099,3.31694698334,1.69955301285,0.459437847137,3.74009013176
0.016,0.371668100357,0.291455984116,3.36855792999,3.28511095047,1.71530389786,0.457851886749,3.75809407234
0.017,0.371668100357,0.291455984116,3.3904979229,3.29801392555,1.71199584007,0.460388898849,3.73800897598
0.018,0.371668100357,0.291455984116,3.36017894745,3.29913806915,1.69048786163,0.459580898285,3.7897298336
0.019,0.371668100357,0.291455984116,3.37246799469,3.30311918259,1.70141100883,0.466197013855,3.73258495331
0.02,0.371668100357,0.291455984116,3.37077403069,3.29895806313,1.70748400688,0.461642026901,3.75345087051
0.021,0.371668100357,0.291455984116,3.3920211792,3.28465414047,1.738530159,0.469334125519,3.73013997078
0.022,0.371668100357,0.291455984116,3.34636306763,3.30739617348,1.71011209488,0.460047960281,3.73439884186
0.023,0.371668100357,0.291455984116,3.36770987511,3.28186106682,1.72092199326,0.467981815338,3.77162718773
0.024,0.371668100357,0.291455984116,3.51557779312,3.29314208031,1.71623396873,0.462794065475,3.74265599251
0.025,0.371668100357,0.291455984116,3.40586709976,3.33314490318,1.70367789268,0.457637786865,3.78070497513
0.026,0.371668100357,0.291455984116,3.36696195602,3.32446908951,1.68337512016,0.459104061127,3.77900385857
0.027,0.371668100357,0.291455984116,3.34930610657,3.2893550396,1.71713900566,0.466999053955,3.74655103683
0.028,0.371668100357,0.291455984116,3.42060899734,3.30699491501,1.706127882,0.461317062378,3.7516450882
0.029,0.371668100357,0.291455984116,3.38406896591,3.30260801315,1.71624898911,0.463461875916,3.73558998108
0.03,0.371668100357,0.291455984116,3.36485385895,3.33654999733,1.71770501137,0.462295055389,3.75354504585
0.031,0.371668100357,0.291455984116,3.36904501915,3.28561401367,1.71783900261,0.463350057602,3.7377679348
0.032,0.371668100357,0.291455984116,3.3530960083,3.30699801445,1.72363495827,0.463984966278,3.76622509956
0.033,0.371668100357,0.291455984116,3.3808760643,3.38934087753,1.72749996185,0.465806007385,3.75669908524
0.034,0.371668100357,0.291455984116,3.36506509781,3.30095696449,1.71936702728,0.462572097778,3.74701094627
0.035,0.371668100357,0.291455984116,3.41474986076,3.30921506882,1.71824407578,0.470843791962,3.76486778259
0.036,0.371668100357,0.291455984116,3.38061404228,3.30928897858,1.6909930706,0.470595121384,3.76492381096
0.037,0.371668100357,0.291455984116,3.33920097351,3.31631493568,1.73356699944,0.470040082932,3.74439287186
0.038,0.371668100357,0.291455984116,3.3786380291,3.32867980003,1.72226285934,0.465359926224,3.78280305862
0.039,0.371668100357,0.291455984116,3.36810302734,3.30377793312,1.70731091499,0.462105035782,3.76531600952
0.04,0.371668100357,0.291455984116,3.38008308411,3.2956340313,1.70700597763,0.470632076263,3.76114296913
0.041,0.371668100357,0.291455984116,3.36583900452,3.30263113976,1.72289299965,0.466883182526,3.76075696945
0.042,0.371668100357,0.291455984116,3.38175392151,3.31437897682,1.73656606674,0.468607902527,3.76623797417
0.043,0.371668100357,0.291455984116,3.37023901939,3.29661607742,1.71226191521,0.457004070282,3.76911401749
0.044,0.371668100357,0.291455984116,3.37212610245,3.32655119896,1.70468091965,0.466150045395,3.77319502831
0.045,0.371668100357,0.291455984116,3.3670759201,3.30071210861,1.70053982735,0.458321809769,3.78497600555
0.046,0.371668100357,0.291455984116,3.46073913574,3.28149700165,1.7118639946,0.473177194595,3.76254296303
0.047,0.371668100357,0.291455984116,3.3584010601,3.298568964,1.72557497025,0.466763973236,3.78024315834
0.048,0.371668100357,0.291455984116,3.37427997589,3.29685401917,1.72333407402,0.473299026489,3.78058004379
0.049,0.371668100357,0.291455984116,3.36904191971,3.30605101585,1.70113587379,0.457821130753,3.79277610779
0.05,0.371668100357,0.291455984116,3.38466000557,3.30464100838,1.70796895027,0.459573984146,3.81122207642
0.051,0.371668100357,0.291455984116,3.36413311958,3.33914494514,1.71541118622,0.459787130356,3.92107701302
0.052,0.371668100357,0.291455984116,3.35830998421,3.29228496552,1.71670794487,0.46498799324,3.77566695213
0.053,0.371668100357,0.291455984116,3.38609218597,3.31293392181,1.72635602951,0.468064069748,3.76119494438
0.054,0.371668100357,0.291455984116,3.39557790756,3.28505992889,1.74050688744,0.474400997162,4.04864287376
0.055,0.371668100357,0.291455984116,3.35931587219,3.30784916878,1.7397339344,0.469473838806,3.78606319427
0.056,0.371668100357,0.291455984116,3.39023709297,3.29962491989,1.71588897705,0.47451710701,3.77233910561
0.057,0.371668100357,0.291455984116,3.37510991096,3.29383897781,1.73740005493,0.468410015106,3.77681994438
0.058,0.371668100357,0.291455984116,3.43757200241,3.30345606804,1.73837804794,0.474418878555,3.75942206383
0.059,0.371668100357,0.291455984116,3.37170410156,3.29788088799,1.72998690605,0.468151092529,3.7686650753
0.06,0.371668100357,0.291455984116,3.38673615456,3.30502700806,1.73240208626,0.474125146866,3.79728102684
0.061,0.371668100357,0.291455984116,3.4115049839,3.29894804955,1.74085593224,0.468943119049,3.76955699921
0.062,0.371668100357,0.291455984116,3.35185718536,3.33682394028,1.71287417412,0.470324993134,3.83755302429
0.063,0.371668100357,0.291455984116,3.38477396965,3.33675718307,1.73014211655,0.467352151871,3.78599381447
0.064,0.371668100357,0.291455984116,3.38911795616,3.31607103348,1.73526096344,0.477026939392,3.77820801735
0.065,0.371668100357,0.291455984116,3.42533898354,3.31773114204,1.74447798729,0.469818115234,3.76662111282
0.066,0.371668100357,0.291455984116,3.36982297897,3.30324292183,1.7216770649,0.464735031128,3.78558301926
0.067,0.371668100357,0.291455984116,3.36267995834,3.32116889954,1.70139598846,0.45805811882,3.81999802589
0.068,0.371668100357,0.291455984116,3.38520479202,3.30801105499,1.71349000931,0.468267917633,3.81193590164
0.069,0.371668100357,0.291455984116,3.37646102905,3.30212712288,1.71809005737,0.463171958923,3.82566189766
0.07,0.371668100357,0.291455984116,3.38634300232,3.32777094841,1.73962306976,0.477875947952,3.77984499931
0.071,0.371668100357,0.291455984116,3.36468791962,3.30181598663,1.74872303009,0.471735954285,3.77198982239
0.072,0.371668100357,0.291455984116,3.37400984764,3.315335989,1.75771212578,0.470616102219,3.78722500801
0.073,0.371668100357,0.291455984116,3.37847089767,3.29567480087,1.73037099838,0.471251964569,3.78968906403
0.074,0.371668100357,0.291455984116,3.3996489048,3.34068608284,1.73285007477,0.47162103653,3.77570605278
0.075,0.371668100357,0.291455984116,3.36669397354,3.33023285866,1.74318790436,0.46950006485,3.79804897308
0.076,0.371668100357,0.291455984116,3.39331293106,3.31308507919,1.75246500969,0.470853090286,3.79493808746
0.077,0.371668100357,0.291455984116,3.35164690018,3.29567718506,1.71940112114,0.461214065552,3.81418204308
0.078,0.371668100357,0.291455984116,3.37179493904,3.32338500023,1.70663690567,0.469684839249,3.80049920082
0.079,0.371668100357,0.291455984116,3.38423991203,3.28794813156,1.75826215744,0.474055051804,3.77906608582
0.08,0.371668100357,0.291455984116,3.37699818611,3.30614900589,1.71334886551,0.464497089386,3.82340788841
0.081,0.371668100357,0.291455984116,3.42371201515,3.30726504326,1.71344208717,0.46155500412,3.85815119743
0.082,0.371668100357,0.291455984116,3.35554289818,3.30274796486,1.72143888474,0.465955018997,3.81982588768
0.083,0.371668100357,0.291455984116,3.38865184784,3.29707503319,1.72241592407,0.471091985703,3.81443500519
0.084,0.371668100357,0.291455984116,3.37355494499,3.28947496414,1.75224208832,0.474332094193,3.80365896225
0.085,0.371668100357,0.291455984116,3.4535009861,3.30375599861,1.73752403259,0.474349975586,3.86678886414
0.086,0.371668100357,0.291455984116,3.3968360424,3.30961799622,1.74096393585,0.470106840134,3.81836485863
0.087,0.371668100357,0.291455984116,3.35110807419,3.28771495819,1.73459887505,0.477907896042,3.83595204353
0.088,0.371668100357,0.291455984116,3.38974499702,3.31138586998,1.75530910492,0.471745967865,3.82149100304
0.089,0.371668100357,0.291455984116,3.37856507301,3.29079818726,1.7228770256,0.472167015076,3.81788706779
0.09,0.371668100357,0.291455984116,3.37552285194,3.34528303146,1.72503709793,0.460932016373,3.83993601799
0.091,0.371668100357,0.291455984116,3.39576005936,3.2911028862,1.7313439846,0.471232891083,3.82859897614
0.092,0.371668100357,0.291455984116,3.41870903969,3.29598712921,1.73127102852,0.463956832886,3.85295891762
0.093,0.371668100357,0.291455984116,3.39175319672,3.31222486496,1.71313786507,0.462446928024,3.83646702766
0.094,0.371668100357,0.291455984116,3.35967111588,3.29408502579,1.71442198753,0.461658000946,3.83789110184
0.095,0.371668100357,0.291455984116,3.39826893806,3.30909013748,1.72648501396,0.46507191658,3.82619190216
0.096,0.371668100357,0.291455984116,3.37465691566,3.30538105965,1.71109580994,0.461938858032,3.82900714874
0.097,0.371668100357,0.291455984116,3.34773612022,3.32477998734,1.74585700035,0.471239805222,3.99795794487
0.098,0.371668100357,0.291455984116,3.37018203735,3.31106209755,1.72095894814,0.462661981583,3.83598208427
0.099,0.371668100357,0.291455984116,3.37500286102,3.30881285667,1.72510790825,0.461483001709,3.85699987411
0.1,0.371668100357,0.291455984116,3.40380501747,3.30447793007,1.73377299309,0.46525812149,3.82852101326
0.101,0.371668100357,0.291455984116,3.36315107346,3.30238080025,1.7166249752,0.465891122818,3.8551530838
0.102,0.371668100357,0.291455984116,3.37639212608,3.28749299049,1.7134270668,0.468605041504,3.84538698196
0.103,0.371668100357,0.291455984116,3.37219500542,3.30701613426,1.72941207886,0.465566158295,3.85252809525
0.104,0.371668100357,0.291455984116,3.41232681274,3.30401802063,1.72203302383,0.471841812134,3.85154104233
0.105,0.371668100357,0.291455984116,3.36704301834,3.296033144,1.72453904152,0.466651916504,3.83287191391
0.106,0.371668100357,0.291455984116,3.37955904007,3.28830909729,1.72766280174,0.475407838821,3.85380506516
0.107,0.371668100357,0.291455984116,3.39145684242,3.29336810112,1.71870088577,0.465112924576,3.84777092934
0.108,0.371668100357,0.291455984116,3.38784408569,3.32089304924,1.74569201469,0.473513126373,3.89208507538
0.109,0.371668100357,0.291455984116,3.36870598793,3.3410410881,1.74442315102,0.473876953125,3.81739783287
0.11,0.371668100357,0.291455984116,3.35936307907,3.29475212097,1.73367714882,0.471699953079,3.82105493546
0.111,0.371668100357,0.291455984116,3.40005803108,3.30306887627,1.73831295967,0.48463511467,3.84306287766
0.112,0.371668100357,0.291455984116,3.38205695152,3.33779621124,1.73866701126,0.471470117569,3.80800700188
0.113,0.371668100357,0.291455984116,3.37701296806,3.34567904472,1.75148797035,0.474246025085,3.82397198677
0.114,0.371668100357,0.291455984116,3.38457608223,3.31926298141,1.75123906136,0.473304033279,3.83530402184
0.115,0.371668100357,0.291455984116,3.38366699219,3.30595898628,1.72535586357,0.467473983765,3.85545992851
0.116,0.371668100357,0.291455984116,3.5001449585,3.28696107864,1.72572398186,0.464584112167,3.85025811195
0.117,0.371668100357,0.291455984116,3.36400103569,3.31662297249,1.72979187965,0.468225002289,3.86770796776
0.118,0.371668100357,0.291455984116,3.36567997932,3.28209590912,1.73535013199,0.4657330513,3.83498477936
0.119,0.371668100357,0.291455984116,3.3675339222,3.30412006378,1.71912884712,0.478461027145,3.85356998444
0.12,0.371668100357,0.291455984116,3.35993504524,3.31570386887,1.7382478714,0.460958003998,3.84726190567
0.121,0.371668100357,0.291455984116,3.37131404877,3.32186388969,1.71507501602,0.468331813812,3.86546707153
0.122,0.371668100357,0.291455984116,3.36214399338,3.28829908371,1.72539710999,0.471029043198,3.8713889122
0.123,0.371668100357,0.291455984116,3.37393808365,3.30477714539,1.71348309517,0.462904930115,3.85688185692
0.124,0.371668100357,0.291455984116,3.37850785255,3.30898499489,1.72673392296,0.466456890106,3.88011789322
0.125,0.371668100357,0.291455984116,3.38608598709,3.38151192665,1.72056007385,0.465746879578,3.8640999794
0.126,0.371668100357,0.291455984116,3.36615085602,3.29105114937,1.71512579918,0.469652891159,3.83268117905
0.127,0.371668100357,0.291455984116,3.40417909622,3.31428313255,1.75823497772,0.473271846771,3.83193993568
0.128,0.371668100357,0.291455984116,3.38578391075,3.28700184822,1.75654196739,0.477241039276,3.83673095703
0.129,0.371668100357,0.291455984116,3.37549781799,3.31922388077,1.75012397766,0.474810838699,3.83139109612
0.13,0.371668100357,0.291455984116,3.37357020378,3.30967187881,1.74434900284,0.477995157242,3.84848618507
0.131,0.371668100357,0.291455984116,3.37901210785,3.32024502754,1.75220108032,0.474451065063,3.83865189552
0.132,0.371668100357,0.291455984116,3.35504198074,3.30782604218,1.75138187408,0.478221893311,3.84085607529
0.133,0.371668100357,0.291455984116,3.37527799606,3.28358602524,1.75189900398,0.476385116577,3.84694600105
0.134,0.371668100357,0.291455984116,3.39327502251,3.31010890007,1.7852370739,0.475994110107,3.83287787437
0.135,0.371668100357,0.291455984116,3.38128995895,3.29332590103,1.74794483185,0.476249933243,3.85507488251
0.136,0.371668100357,0.291455984116,3.37296295166,3.31116986275,1.74987387657,0.475026845932,3.8313100338
0.137,0.371668100357,0.291455984116,3.35690593719,3.30102396011,1.74677991867,0.482813119888,3.82673716545
0.138,0.371668100357,0.291455984116,3.44042801857,3.30204200745,1.74534797668,0.471382141113,3.85175681114
0.139,0.371668100357,0.291455984116,3.38321399689,3.29689216614,1.75015306473,0.48106098175,3.82796406746
0.14,0.371668100357,0.291455984116,3.36858820915,3.3133161068,1.7482509613,0.474309921265,3.89141201973
0.141,0.371668100357,0.291455984116,3.38171291351,3.30147194862,1.73704814911,0.48017001152,3.83565092087
0.142,0.371668100357,0.291455984116,3.35513210297,3.28507399559,1.73228192329,0.467106103897,3.83951616287
0.143,0.371668100357,0.291455984116,3.40111398697,3.32939291,1.72240686417,0.467804908752,3.89766812325
0.144,0.371668100357,0.291455984116,3.37111997604,3.29443788528,1.7373290062,0.46959900856,3.86012005806
0.145,0.371668100357,0.291455984116,3.50327301025,3.37945604324,1.72199416161,0.468425035477,3.88270902634
0.146,0.371668100357,0.291455984116,3.37916088104,3.29372406006,1.72535586357,0.464314222336,3.88159513474
0.147,0.371668100357,0.291455984116,3.33006811142,3.2940659523,1.74669098854,0.475584983826,3.896515131
0.148,0.371668100357,0.291455984116,3.3756737709,3.2850022316,1.74622011185,0.479144096375,3.85200786591
0.149,0.371668100357,0.291455984116,3.36945581436,3.30642104149,1.7511138916,0.475934028625,3.85765504837
0.15,0.371668100357,0.291455984116,3.38687705994,3.31562614441,1.74400806427,0.479661941528,3.84942317009
0.151,0.371668100357,0.291455984116,3.38162612915,3.303565979,1.74279999733,0.473869085312,3.86027002335
0.152,0.371668100357,0.291455984116,3.35398697853,3.32907009125,1.74581003189,0.477958917618,4.00953197479
0.153,0.371668100357,0.291455984116,3.37601399422,3.29926609993,1.74014687538,0.476052045822,3.85217618942
0.154,0.371668100357,0.291455984116,3.46081805229,3.30686688423,1.76463699341,0.474773168564,3.88074994087
0.155,0.371668100357,0.291455984116,3.3898999691,3.2926800251,1.75482916832,0.478128910065,3.86941981316
0.156,0.371668100357,0.291455984116,3.36246299744,3.30871891975,1.74955487251,0.472579956055,3.91767501831
0.157,0.371668100357,0.291455984116,3.37256717682,3.31037116051,1.7529001236,0.474496126175,3.86842107773
0.158,0.371668100357,0.291455984116,3.36834287643,3.28875613213,1.73715400696,0.475074052811,3.87838387489
0.159,0.371668100357,0.291455984116,3.43314909935,3.31989789009,1.76519107819,0.475898981094,3.84684300423
0.16,0.371668100357,0.291455984116,3.36865496635,3.29467105865,1.73991012573,0.474060058594,3.87557888031
0.161,0.371668100357,0.291455984116,3.36630582809,3.3189868927,1.74473786354,0.474140882492,3.87227797508
0.162,0.371668100357,0.291455984116,3.39336299896,3.29939079285,1.74054598808,0.480544090271,3.85844302177
0.163,0.371668100357,0.291455984116,3.37334918976,3.29445505142,1.73732304573,0.471628189087,3.87031698227
0.164,0.371668100357,0.291455984116,3.40048909187,3.29625201225,1.74138903618,0.479874849319,3.86385893822
0.165,0.371668100357,0.291455984116,3.37027287483,3.3139629364,1.74998092651,0.471534013748,3.87309503555
0.166,0.371668100357,0.291455984116,3.40595197678,3.31016588211,1.73113894463,0.479429006577,3.8893289566
0.167,0.371668100357,0.291455984116,3.36176800728,3.28952884674,1.74196004868,0.474170207977,3.8782980442
0.168,0.371668100357,0.291455984116,3.39431715012,3.330960989,1.74076008797,0.474812030792,3.87365984917
0.169,0.371668100357,0.291455984116,3.38156700134,3.30194091797,1.74519896507,0.474858999252,3.85327887535
0.17,0.371668100357,0.291455984116,3.37835502625,3.3095908165,1.74281787872,0.480894088745,3.8875207901
0.171,0.371668100357,0.291455984116,3.53574895859,3.30180597305,1.73013114929,0.474972009659,3.86080098152
0.172,0.371668100357,0.291455984116,3.33684492111,3.30454087257,1.73135209084,0.468112945557,3.90874195099
0.173,0.371668100357,0.291455984116,3.3823530674,3.29416513443,1.72262501717,0.471416950226,3.88638710976
0.174,0.371668100357,0.291455984116,3.36464285851,3.27693200111,1.73677682877,0.469794034958,3.86259412766
0.175,0.371668100357,0.291455984116,3.39486408234,3.32906985283,1.73011803627,0.467806100845,3.85349011421
0.176,0.371668100357,0.291455984116,3.35015106201,3.29396796227,1.72676301003,0.467019081116,3.87322211266
0.177,0.371668100357,0.291455984116,3.35910701752,3.34413504601,1.72858095169,0.46941113472,3.8837428093
0.178,0.371668100357,0.291455984116,3.36546802521,3.28392910957,1.73434114456,0.469334125519,3.87545895576
0.179,0.371668100357,0.291455984116,3.35899496078,3.29259705544,1.73167490959,0.472181081772,3.88090109825
0.18,0.371668100357,0.291455984116,3.38346219063,3.39789199829,1.75781297684,0.482115983963,3.85857915878
0.181,0.371668100357,0.291455984116,3.36800503731,3.30058598518,1.74615097046,0.472595930099,3.86713504791
0.182,0.371668100357,0.291455984116,3.37119603157,3.31707906723,1.74585413933,0.480869054794,3.87959814072
0.183,0.371668100357,0.291455984116,3.36926698685,3.30354905128,1.7564060688,0.474838018417,3.96285176277
0.184,0.371668100357,0.291455984116,3.37127518654,3.35389208794,1.75896811485,0.475651025772,3.87042999268
0.185,0.371668100357,0.291455984116,3.40630197525,3.30626010895,1.74769711494,0.476099014282,3.86567306519
0.186,0.371668100357,0.291455984116,3.37928390503,3.56729197502,1.75792503357,0.477784156799,3.87403202057
0.187,0.371668100357,0.291455984116,3.41431498528,3.31407904625,1.75136804581,0.474636793137,3.86381387711
0.188,0.371668100357,0.291455984116,3.35619711876,3.2966811657,1.75712013245,0.474259138107,3.98886919022
0.189,0.371668100357,0.291455984116,3.39272212982,3.44563508034,1.74836492538,0.479992866516,3.85868096352
0.19,0.371668100357,0.291455984116,3.37935805321,3.2956969738,1.75473594666,0.483855009079,3.85996484756
0.191,0.371668100357,0.291455984116,3.49556398392,3.31533193588,1.7517991066,0.472897052765,3.87123894691
0.192,0.371668100357,0.291455984116,3.3583419323,3.31126403809,1.73459196091,0.480475902557,3.89189910889
0.193,0.371668100357,0.291455984116,3.3914949894,3.3206820488,1.73780798912,0.471241950989,3.88639616966
0.194,0.371668100357,0.291455984116,3.37157201767,3.31124901772,1.75003290176,0.475579023361,3.87123012543
0.195,0.371668100357,0.291455984116,3.45357203484,3.31303405762,1.75655007362,0.477600812912,3.8812289238
0.196,0.371668100357,0.291455984116,3.37885308266,3.30635380745,1.75031900406,0.47637796402,3.87454295158
0.197,0.371668100357,0.291455984116,3.35506701469,3.30322694778,1.74926877022,0.479892969131,3.87642717361
0.198,0.371668100357,0.291455984116,3.40160489082,3.40113091469,1.74630594254,0.477131128311,3.94655108452
0.199,0.371668100357,0.291455984116,3.37609887123,3.30502510071,1.74711298943,0.475680112839,3.91141295433
0.2,0.371668100357,0.291455984116,3.42966103554,3.29240489006,1.74331402779,0.474338054657,3.87547588348
0.201,0.371668100357,0.291455984116,3.36852407455,3.29975390434,1.76949596405,0.475474119186,3.87239694595
0.202,0.371668100357,0.291455984116,3.44804906845,3.29290294647,1.74836802483,0.483397960663,3.90414810181
0.203,0.371668100357,0.291455984116,3.35636997223,3.29505515099,1.74508404732,0.472306013107,3.88380813599
0.204,0.371668100357,0.291455984116,3.36726808548,3.30541300774,1.74731898308,0.480646133423,3.93061995506
0.205,0.371668100357,0.291455984116,3.3772790432,3.29531598091,1.75152397156,0.474354982376,3.88371610641
0.206,0.371668100357,0.291455984116,3.40000104904,3.30561113358,1.73890709877,0.474349975586,3.89295816422
0.207,0.371668100357,0.291455984116,3.39355587959,3.30665111542,1.78706097603,0.474547863007,3.9806368351
0.208,0.371668100357,0.291455984116,3.3614821434,3.29827809334,1.75305986404,0.47589802742,3.86579680443
0.209,0.371668100357,0.291455984116,3.66095685959,3.48579597473,1.80583286285,0.476059913635,4.10823297501
0.21,0.371668100357,0.291455984116,3.55088615417,3.47636890411,1.79241585732,0.485318899155,4.11149907112
0.211,0.371668100357,0.291455984116,3.58259296417,3.47898697853,1.78008198738,0.505527019501,4.1022028923
0.212,0.371668100357,0.291455984116,3.56419301033,3.43312597275,1.78062391281,0.487768888474,4.06157422066
0.213,0.371668100357,0.291455984116,3.51337790489,9554.482656,1.69138813019,0.459663152695,4.27307581902
0.214,0.371668100357,0.291455984116,3.8253428936,3.69381284714,1.76570391655,0.445145130157,4.72359800339
0.215,0.371668100357,0.291455984116,4.90689301491,3.58896303177,1.72333502769,0.478017091751,3.89197587967
0.216,0.371668100357,0.291455984116,3.44357299805,3.28242778778,1.66530203819,0.440501213074,3.85349202156
0.217,0.371668100357,0.291455984116,3.31415295601,3.21691894531,1.6705789566,0.445397138596,3.86221504211
0.218,0.371668100357,0.291455984116,3.28917002678,3.2305958271,1.6675760746,0.440372943878,3.85820508003
0.219,0.371668100357,0.291455984116,3.29802513123,3.39510917664,1.67252612114,0.448641061783,3.96883392334
0.22,0.371668100357,0.291455984116,3.29085588455,3.7537381649,1.72653317451,0.464838981628,4.36789298058
0.221,0.371668100357,0.291455984116,3.88918209076,3.36050200462,1.68192887306,0.444459915161,3.90171313286
0.222,0.371668100357,0.291455984116,3.43878006935,3.25189590454,1.71218395233,0.444871902466,3.9366838932
0.223,0.371668100357,0.291455984116,3.37082314491,3.26285815239,1.68166804314,0.447930812836,3.92381906509
0.224,0.371668100357,0.291455984116,3.62280488014,3.9599339962,1.80563688278,0.477515935898,4.08916401863
0.225,0.371668100357,0.291455984116,3.32417297363,3.48837900162,1.80121707916,0.48652100563,4.80251216888
0.226,0.371668100357,0.291455984116,3.33343100548,3.56415987015,1.66375303268,0.442335128784,3.92716002464
0.227,0.371668100357,0.291455984116,3.32826113701,3.27341890335,1.67861890793,0.441073894501,3.95939397812
0.228,0.371668100357,0.291455984116,3.33448791504,3.33938312531,1.68334317207,0.448804140091,4.00541496277
0.229,0.371668100357,0.291455984116,3.32948994637,3.26833200455,1.68414282799,0.442514896393,3.99966883659
0.23,0.371668100357,0.291455984116,3.33162903786,3.35183501244,1.67438101768,0.460247993469,3.95604705811
0.231,0.371668100357,0.291455984116,3.33785104752,3.25606989861,1.6790471077,0.440505027771,3.94258308411
0.232,0.371668100357,0.291455984116,3.36320590973,3.25949716568,1.68604302406,0.447594881058,3.9423019886
0.233,0.371668100357,0.291455984116,3.33828616142,3.33438611031,1.68558216095,0.440448045731,3.93131113052
0.234,0.371668100357,0.291455984116,3.33975100517,3.27784109116,1.66659116745,0.447365045547,3.95292711258
0.235,0.371668100357,0.291455984116,3.32247591019,3.25667500496,1.67530798912,0.441118955612,3.94206809998
0.236,0.371668100357,0.291455984116,3.3430621624,3.25313591957,1.67668485641,0.44969701767,3.98706412315
0.237,0.371668100357,0.291455984116,3.31333494186,3.26047492027,1.67462396622,0.442147016525,4.01197600365
0.238,0.371668100357,0.291455984116,3.34318995476,3.44734406471,1.67155599594,0.442795991898,3.95973992348
0.239,0.371668100357,0.291455984116,3.34639596939,3.25630092621,1.66898703575,0.447402954102,3.94898486137
0.24,0.371668100357,0.291455984116,3.32605814934,3.27969312668,1.6672000885,0.444612979889,3.94518017769
0.241,0.371668100357,0.291455984116,3.33558797836,3.30542302132,1.66906094551,0.442198991776,3.94850611687
0.242,0.371668100357,0.291455984116,3.33445215225,3.26799201965,1.6741540432,0.448369979858,3.93904995918
0.243,0.371668100357,0.291455984116,3.3511300087,3.26258707047,1.66784095764,0.442054033279,3.95248007774
0.244,0.371668100357,0.291455984116,3.34372591972,3.26786589622,1.67318892479,0.442263841629,3.95744085312
0.245,0.371668100357,0.291455984116,3.33961796761,3.26066207886,1.68381381035,0.44223690033,4.07568502426
0.246,0.371668100357,0.291455984116,3.33664608002,3.26299786568,1.67697691917,0.442140102386,3.97507500648
0.247,0.371668100357,0.291455984116,3.31558513641,3.43760299683,1.69269490242,0.46488404274,3.96898508072
0.248,0.371668100357,0.291455984116,3.35381889343,3.26956582069,1.67912316322,0.446193218231,3.94868803024
0.249,0.371668100357,0.291455984116,3.33750486374,3.2592318058,1.69190692902,0.4556620121,3.94027614594
0.25,0.371668100357,0.291455984116,3.3211209774,3.28357601166,1.70038294792,0.447654008865,3.95593500137
0.251,0.371668100357,0.291455984116,3.34476900101,3.29594802856,1.6835808754,0.454339981079,3.95201992989
0.252,0.371668100357,0.291455984116,3.32835698128,3.27197504044,1.68277001381,0.447308063507,3.9400370121
0.253,0.371668100357,0.291455984116,3.35592389107,3.27473688126,1.67501497269,0.454560995102,3.94708991051
0.254,0.371668100357,0.291455984116,3.33561396599,3.26564383507,1.69162487984,0.44682598114,3.94092512131
0.255,0.371668100357,0.291455984116,3.37992501259,3.29375004768,1.67519378662,0.454670906067,3.94408106804
0.256,0.371668100357,0.291455984116,3.34508800507,3.28610301018,1.72073698044,0.449277162552,4.04878616333
0.257,0.371668100357,0.291455984116,3.33737587929,3.26419901848,1.69806814194,0.450528144836,3.94278693199
0.258,0.371668100357,0.291455984116,3.35657501221,3.26991295815,1.70270395279,0.450950145721,4.85426902771
0.259,0.371668100357,0.291455984116,3.46949601173,3.27421593666,1.69061493874,0.462956190109,3.96137404442
0.26,0.371668100357,0.291455984116,3.3388030529,3.29826903343,1.68728399277,0.448493003845,3.9675450325
0.261,0.371668100357,0.291455984116,3.35618686676,3.27725100517,1.68398189545,0.448824882507,3.9456410408
0.262,0.371668100357,0.291455984116,3.33212900162,3.27297997475,1.68189907074,0.449849843979,3.96534204483
0.263,0.371668100357,0.291455984116,3.35731315613,3.27051186562,1.68842482567,0.454248905182,3.93822312355
0.264,0.371668100357,0.291455984116,3.35704493523,3.29078602791,1.68275499344,0.450639009476,3.94848489761
0.265,0.371668100357,0.291455984116,3.38137221336,3.24574899673,1.68267202377,0.459991931915,4.07042503357
0.266,0.371668100357,0.291455984116,3.33324384689,3.26485586166,1.67171692848,0.443412065506,3.9458220005
0.267,0.371668100357,0.291455984116,3.3214609623,3.2638220787,1.66945695877,0.45222902298,3.95126795769
0.268,0.371668100357,0.291455984116,3.33057403564,3.254956007,1.67666602135,0.443079948425,3.97222113609
0.269,0.371668100357,0.291455984116,3.39220905304,3.28556108475,1.66357707977,0.448919057846,3.96285295486
0.27,0.371668100357,0.291455984116,3.31343698502,3.26495909691,1.68793296814,0.451071023941,3.94312310219
0.271,0.371668100357,0.291455984116,3.33750391006,3.28736305237,1.6868929863,0.456889152527,3.95980501175
0.272,0.371668100357,0.291455984116,3.33567905426,3.26960492134,1.68290495872,0.452535152435,3.94035601616
0.273,0.371668100357,0.291455984116,3.34495592117,3.32171916962,1.68470215797,0.45404291153,3.92781281471
0.274,0.371668100357,0.291455984116,3.33943581581,3.35723400116,1.67930102348,0.446491003036,4.11552906036
0.275,0.371668100357,0.291455984116,3.96078801155,3.36910319328,1.68537116051,0.444348096848,3.96641492844
0.276,0.371668100357,0.291455984116,3.32527184486,3.26712107658,1.68167805672,0.444891214371,3.97427010536
0.277,0.371668100357,0.291455984116,3.34108781815,3.26863002777,1.68830180168,0.456175088882,3.9813170433
0.278,0.371668100357,0.291455984116,3.3599460125,3.27561497688,1.69930291176,0.451273202896,3.9964530468
0.279,0.371668100357,0.291455984116,3.35066103935,3.27714896202,1.69667410851,0.457448005676,3.93823099136
0.28,0.371668100357,0.291455984116,3.329403162,3.29698395729,1.68585300446,0.456200122833,3.94140100479
0.281,0.371668100357,0.291455984116,3.34775519371,3.2778069973,1.69408297539,0.456213951111,3.93542408943
0.282,0.371668100357,0.291455984116,3.32517981529,3.51995897293,1.70236301422,0.452148199081,3.95740199089
0.283,0.371668100357,0.291455984116,3.34798812866,3.30140304565,1.66995000839,0.450183153152,3.95311188698
0.284,0.371668100357,0.291455984116,3.48773097992,3.2664949894,1.68402981758,0.448053121567,3.95385193825
0.285,0.371668100357,0.291455984116,3.34895181656,3.27969789505,1.67693591118,0.445608139038,3.96605491638
0.286,0.371668100357,0.291455984116,3.34493088722,3.28181290627,1.67990899086,0.444936037064,3.95883584023
0.287,0.371668100357,0.291455984116,3.37973999977,3.28372907639,1.67915701866,0.451038837433,3.97984218597
0.288,0.371668100357,0.291455984116,3.38159799576,3.27353191376,1.69293999672,0.456478118896,3.93986487389
0.289,0.371668100357,0.291455984116,3.33424377441,3.27058291435,1.69824004173,0.456851005554,3.94173002243
0.29,0.371668100357,0.291455984116,3.35197901726,3.29333996773,1.69359779358,0.456033945084,3.93001890182
0.291,0.371668100357,0.291455984116,3.3402929306,3.27538609505,1.70031714439,0.455358982086,3.95042395592
0.292,0.371668100357,0.291455984116,3.34431099892,3.27446913719,1.70886516571,0.46219086647,3.94144320488
0.293,0.371668100357,0.291455984116,3.50971794128,3.35913705826,1.70449900627,0.456295967102,3.93307805061
0.294,0.371668100357,0.291455984116,3.34624290466,4.08994889259,1.7722890377,0.574748039246,5.18483400345
0.295,0.371668100357,0.291455984116,4.55296587944,4.35709786415,1.89565992355,0.498558044434,4.97889709473
0.296,0.371668100357,0.291455984116,4.00484609604,3.83322501183,1.7260518074,0.459295988083,4.21197199821
0.297,0.371668100357,0.291455984116,3.3961250782,3.35276699066,1.721118927,0.463332891464,4.01471590996
0.298,0.371668100357,0.291455984116,3.43256092072,3.37232899666,1.71604204178,0.462334156036,4.02685689926
0.299,0.371668100357,0.291455984116,3.43145704269,3.37676405907,1.71371817589,0.459020137787,4.01079702377
0.3,0.371668100357,0.291455984116,3.41959381104,3.35662508011,1.71563696861,0.461943864822,4.02065610886
0.301,0.371668100357,0.291455984116,3.45365309715,3.34834289551,1.71762609482,0.495544195175,4.14537405968
0.302,0.371668100357,0.291455984116,3.3935110569,3.33675312996,1.72050905228,0.465032100677,4.02284407616
0.303,0.371668100357,0.291455984116,3.4071829319,3.34482192993,1.73656606674,0.463310003281,4.03833293915
0.304,0.371668100357,0.291455984116,3.45607686043,3.34288215637,1.71524882317,0.463485956192,5.65180897713
0.305,0.371668100357,0.291455984116,4.21945500374,4.06704187393,1.83862304688,0.496273040771,5.05627512932
0.306,0.371668100357,0.291455984116,4.73483705521,5.4531788826,2.035779953,0.491886854172,5.01161408424
0.307,0.371668100357,0.291455984116,6.24440193176,6.48293209076,1.83158898354,0.484826087952,5.34614801407
0.308,0.371668100357,0.291455984116,3.72491598129,4.68110585213,1.712692976,0.460114955902,3.97921299934
0.309,0.371668100357,0.291455984116,3.51910614967,4.35778594017,1.69167089462,0.457491874695,3.99397397041
0.31,0.371668100357,0.291455984116,3.42082309723,3.46838188171,1.69093394279,0.467656135559,4.36987996101
0.311,0.371668100357,0.291455984116,4.29029488564,4.34213685989,1.74427700043,0.463222026825,5.54051613808
0.312,0.371668100357,0.291455984116,4.4555721283,3.66430902481,2.41839003563,0.81248497963,5.80553913116
0.313,0.371668100357,0.291455984116,3.84358882904,3.81059789658,1.8103659153,0.484544038773,6.77164506912
0.314,0.371668100357,0.291455984116,4.47925782204,3.29518389702,2.0407500267,0.65935587883,4.32397985458
0.315,0.371668100357,0.291455984116,3.73172402382,5.03172302246,2.27540016174,0.592595100403,4.17737412453
0.316,0.371668100357,0.291455984116,3.86572003365,3.68030405045,1.74133419991,0.490415096283,6.83527708054
0.317,0.371668100357,0.291455984116,4.00882196426,3.72975993156,1.80467486382,0.627444982529,6.06676793098
0.318,0.371668100357,0.291455984116,4.1394879818,4.01705598831,1.8297162056,0.464529037476,4.42394900322
0.319,0.371668100357,0.291455984116,3.92379403114,4.07930183411,1.89300608635,0.600924968719,5.38843894005
0.32,0.371668100357,0.291455984116,3.96948385239,3.92526602745,2.12502503395,0.56253194809,4.68188500404
0.321,0.371668100357,0.291455984116,4.43581795692,4.33813691139,1.7877099514,0.476019144058,4.16433811188
0.322,0.371668100357,0.291455984116,3.74176502228,3.5480029583,1.74195599556,0.464313983917,4.43001198769
0.323,0.371668100357,0.291455984116,3.69781208038,3.78279495239,1.76803016663,0.490574121475,4.44214081764
0.324,0.371668100357,0.291455984116,3.56432414055,3.53566384315,1.7640209198,0.481197834015,4.23611497879
0.325,0.371668100357,0.291455984116,4.74533605576,3.50109887123,1.75318193436,0.471197843552,4.15052103996
0.326,0.371668100357,0.291455984116,3.74313902855,3.74159789085,1.7684431076,0.487617969513,4.41612005234
0.327,0.371668100357,0.291455984116,3.70347905159,3.56850910187,1.78815889359,0.495798110962,4.34956789017
0.328,0.371668100357,0.291455984116,3.87769985199,3.58163619041,1.74041008949,0.469427108765,4.07145404816
0.329,0.371668100357,0.291455984116,3.6049041748,3.3485751152,1.80364203453,0.477656126022,4.38564801216
0.33,0.371668100357,0.291455984116,3.6663210392,3.62042403221,1.78620100021,0.494358062744,8.72069191933
0.331,0.371668100357,0.291455984116,6.43650603294,5.27830410004,1.9115819931,0.829692840576,5.10619401932
0.332,0.371668100357,0.291455984116,3.69753408432,3.52546286583,1.78641891479,0.47444319725,4.1318089962
0.333,0.371668100357,0.291455984116,3.58629703522,3.64092612267,1.74593710899,0.463600873947,4.38370895386
0.334,0.371668100357,0.291455984116,3.70226693153,3.98882389069,1.76697897911,0.480808019638,4.09746599197
0.335,0.371668100357,0.291455984116,3.39127111435,3.69203591347,1.76508998871,0.472346067429,4.31450390816
0.336,0.371668100357,0.291455984116,3.83047795296,3.57796192169,1.78480386734,0.478543043137,4.18816494942
0.337,0.371668100357,0.291455984116,3.71314406395,3.72735214233,1.73557519913,0.473202943802,4.10903310776
0.338,0.371668100357,0.291455984116,3.7880730629,3.89292407036,1.7868180275,0.485287904739,4.31674909592
0.339,0.371668100357,0.291455984116,3.86303305626,3.69602108002,1.77980017662,0.488744020462,4.52088880539
0.34,0.371668100357,0.291455984116,3.49902319908,3.77832508087,1.816147089,0.47624707222,4.211550951
0.341,0.371668100357,0.291455984116,3.52346491814,3.46053791046,1.74406099319,0.460726976395,4.26060605049
0.342,0.371668100357,0.291455984116,5.51688909531,4.5902929306,1.81797409058,0.468689203262,4.23230981827
0.343,0.371668100357,0.291455984116,3.86449408531,3.37163209915,1.70819687843,0.464612960815,4.67001581192
0.344,0.371668100357,0.291455984116,3.77884793282,3.53945708275,1.87210297585,0.474968910217,5.31457209587
0.345,0.371668100357,0.291455984116,5.03913784027,3.65032792091,1.71687483788,0.472658872604,3.92743897438
0.346,0.371668100357,0.291455984116,3.36453199387,3.93048906326,2.36570906639,0.490936994553,5.41168785095
0.347,0.371668100357,0.291455984116,5.03797602654,4.63257098198,1.86110496521,0.475210189819,4.23280119896
0.348,0.371668100357,0.291455984116,3.35680699348,4.11326098442,1.78170585632,0.513206958771,4.29673814774
0.349,0.371668100357,0.291455984116,3.682046175,4.18350696564,1.74576115608,0.472114086151,5.24847602844
0.35,0.371668100357,0.291455984116,4.36776900291,4.5557641983,1.86748409271,0.527137041092,4.45691895485
0.351,0.371668100357,0.291455984116,4.28571605682,3.33485603333,1.75124716759,0.487333059311,4.5536429882
0.352,0.371668100357,0.291455984116,3.68418383598,3.5800280571,1.79140710831,0.485810995102,4.01153087616
0.353,0.371668100357,0.291455984116,3.49333691597,4.92846298218,1.8172109127,0.486391067505,4.32722091675
0.354,0.371668100357,0.291455984116,4.13849306107,4.2526550293,2.50476813316,0.606497049332,5.2194890976
0.355,0.371668100357,0.291455984116,4.0227868557,3.51097106934,1.71937417984,0.463928937912,4.32352209091
t,coarse_assemble,helmholtz_assemble,coarse_solve,helmholtz_solve,ind_calc,ind_assemble,ind_solve 
0.001,0.342409133911,0.285259008408,3.01291584969,3.2144780159,1.69207501411,0.446155071259,3.45848798752
0.002,0.342409133911,0.285259008408,3.07008099556,2.9799489975,1.61647510529,0.446053028107,3.46584200859
0.003,0.342409133911,0.285259008408,3.05772995949,2.98587703705,1.6137111187,0.444979190826,3.47622704506
0.004,0.342409133911,0.285259008408,3.07211613655,3.10029816628,1.67414307594,0.446963071823,3.74815106392
0.005,0.342409133911,0.285259008408,3.32307910919,3.23585391045,1.66500496864,0.441704034805,3.87231016159
0.006,0.342409133911,0.285259008408,3.32293891907,3.23792409897,1.66473007202,0.452860116959,3.6704518795
0.007,0.342409133911,0.285259008408,3.28551197052,3.24805378914,1.66954612732,0.44482588768,3.70124387741
0.008,0.342409133911,0.285259008408,3.30890893936,3.24342012405,1.67849087715,0.447156190872,3.74668884277
0.009,0.342409133911,0.285259008408,3.31558704376,3.23625588417,1.65790987015,0.450291872025,3.68822407722
0.01,0.342409133911,0.285259008408,3.28263306618,3.23700690269,1.66890001297,0.446078062057,3.75509595871
0.011,0.342409133911,0.285259008408,3.31113886833,3.22851705551,1.67634701729,0.44714307785,3.69241309166
0.012,0.342409133911,0.285259008408,3.28335881233,3.2547390461,1.67382311821,0.482691049576,3.69362878799
0.013,0.342409133911,0.285259008408,3.30700612068,3.23328113556,1.66998505592,0.446422100067,3.70121407509
0.014,0.342409133911,0.285259008408,4.10942316055,3.61956191063,1.67924284935,0.47313785553,3.74041700363
0.015,0.342409133911,0.285259008408,3.44859910011,3.42012500763,1.8203830719,0.480226993561,5.23317909241
0.016,0.342409133911,0.285259008408,3.77482700348,3.6887409687,1.98827910423,0.555621147156,4.02630591393
0.017,0.342409133911,0.285259008408,3.30977082253,3.26826810837,1.66942191124,0.44597196579,3.74824690819
0.018,0.342409133911,0.285259008408,3.34054994583,3.26885509491,1.67044496536,0.458574056625,3.74763298035
0.019,0.342409133911,0.285259008408,3.33937311172,3.32116389275,1.66788005829,0.453118085861,3.78058600426
0.02,0.342409133911,0.285259008408,3.36635518074,3.27313804626,1.66828584671,0.452198982239,3.73114895821
0.021,0.342409133911,0.285259008408,3.35845208168,3.27410292625,1.67941308022,0.452288150787,3.74482798576
0.022,0.342409133911,0.285259008408,3.31594586372,3.25994300842,1.67421197891,0.452688932419,3.73382806778
0.023,0.342409133911,0.285259008408,3.38241696358,3.27336812019,1.67061305046,0.458079099655,3.72695684433
0.024,0.342409133911,0.285259008408,3.33775091171,3.27363014221,1.68687820435,0.45174407959,3.73664093018
0.025,0.342409133911,0.285259008408,3.34582614899,3.26934409142,1.70199084282,0.455031871796,3.73709988594
0.026,0.342409133911,0.285259008408,3.33780384064,3.2676179409,1.68524193764,0.456516027451,3.72562599182
0.027,0.342409133911,0.285259008408,3.32935404778,3.26679396629,1.69538712502,0.458372116089,3.71953892708
0.028,0.342409133911,0.285259008408,3.34377479553,3.28195810318,1.69237303734,0.463903903961,3.77851700783
0.029,0.342409133911,0.285259008408,3.33524417877,3.29197692871,1.69105601311,0.457504987717,3.73437285423
0.03,0.342409133911,0.285259008408,3.34516692162,3.25769901276,1.69589495659,0.464933872223,3.71048998833
0.031,0.342409133911,0.285259008408,3.34790682793,3.36920189857,1.70621204376,0.464208126068,3.79847288132
0.032,0.342409133911,0.285259008408,3.57056307793,3.33523392677,1.69767999649,0.466410160065,3.74698996544
0.033,0.342409133911,0.285259008408,3.33184885979,3.28103494644,1.7001888752,0.458243846893,3.73336696625
0.034,0.342409133911,0.285259008408,3.36601614952,3.27155900002,1.70093512535,0.458503007889,3.72743010521
0.035,0.342409133911,0.285259008408,3.35300898552,3.29103899002,1.71346211433,0.462761878967,3.75436282158
0.036,0.342409133911,0.285259008408,3.38708591461,3.29373002052,1.68160700798,0.447014808655,3.77972602844
0.037,0.342409133911,0.285259008408,3.36451506615,3.26732897758,1.67426896095,0.451216936111,3.80707812309
0.038,0.342409133911,0.285259008408,3.40906715393,3.31481194496,1.69522619247,0.451062917709,3.82212710381
0.039,0.342409133911,0.285259008408,3.35197401047,3.25712203979,1.68520307541,0.458358049393,3.7893819809
0.04,0.342409133911,0.285259008408,3.33613491058,3.24812102318,1.69223308563,0.450749158859,3.74502301216
0.041,0.342409133911,0.285259008408,3.34295797348,3.2458050251,1.70351791382,0.457252025604,3.74830579758
0.042,0.342409133911,0.285259008408,3.3607840538,3.30771708488,1.6921889782,0.450246095657,3.78990101814
0.043,0.342409133911,0.285259008408,3.38741898537,3.29112386703,1.7167930603,0.470289945602,3.82157111168
0.044,0.342409133911,0.285259008408,3.35281085968,3.28036594391,1.84405493736,0.535769939423,3.87360405922
0.045,0.342409133911,0.285259008408,3.42042994499,3.26101994514,1.70583486557,0.466693878174,3.71906399727
0.046,0.342409133911,0.285259008408,3.39955711365,3.344851017,1.73192882538,0.465687990189,3.83028793335
0.047,0.342409133911,0.285259008408,3.39599490166,3.35491013527,1.69029092789,0.455736160278,3.80204296112
0.048,0.342409133911,0.285259008408,3.32020115852,3.24738907814,1.6792550087,0.449205875397,3.75489592552
0.049,0.342409133911,0.285259008408,3.33654093742,3.25776600838,1.67625284195,0.450851917267,3.80994701385
0.05,0.342409133911,0.285259008408,3.34019112587,3.26134204865,1.67555189133,0.452347993851,3.89891409874
0.051,0.342409133911,0.285259008408,3.34519314766,3.25829601288,1.67486095428,0.452653169632,3.77209115028
0.052,0.342409133911,0.285259008408,3.37982487679,3.35851311684,1.71551299095,0.462779045105,3.75389194489
0.053,0.342409133911,0.285259008408,3.3478012085,3.26156687737,1.70299601555,0.459573984146,3.7384929657
0.054,0.342409133911,0.285259008408,3.33654499054,3.27199912071,1.7103471756,0.461462974548,3.74892497063
0.055,0.342409133911,0.285259008408,3.33951592445,3.29792404175,1.70837283134,0.462242841721,3.74008393288
0.056,0.342409133911,0.285259008408,3.34110188484,3.25701117516,1.71472120285,0.465842008591,3.82721590996
0.057,0.342409133911,0.285259008408,3.4445939064,3.29676795006,1.68599796295,0.453954935074,3.84342598915
0.058,0.342409133911,0.285259008408,3.39241194725,3.26247692108,1.711632967,0.469242095947,3.72954416275
0.059,0.342409133911,0.285259008408,3.32815504074,3.29558086395,1.72495794296,0.463071107864,3.92401099205
0.06,0.342409133911,0.285259008408,3.39835309982,3.2516810894,1.70831012726,0.458660125732,3.75448417664
0.061,0.342409133911,0.285259008408,3.33327102661,3.27428483963,1.67893004417,0.453138828278,3.83648490906
0.062,0.342409133911,0.285259008408,3.32926678658,3.2570309639,1.71100997925,0.470935106277,3.74096107483
0.063,0.342409133911,0.285259008408,3.32982301712,3.26754903793,1.72053217888,0.464973926544,3.74649214745
0.064,0.342409133911,0.285259008408,3.44237399101,3.27134394646,1.67759895325,0.452964067459,3.7812268734
0.065,0.342409133911,0.285259008408,3.34126186371,3.2659971714,1.67453718185,0.451101064682,3.81403303146
0.066,0.342409133911,0.285259008408,3.3480091095,3.37927103043,1.68529701233,0.454232215881,3.88364696503
0.067,0.342409133911,0.285259008408,3.45717191696,3.29163098335,1.68384885788,0.456104040146,3.94458794594
0.068,0.342409133911,0.285259008408,3.37733197212,3.26442193985,1.73576498032,0.466919898987,3.90477919579
0.069,0.342409133911,0.285259008408,3.35857105255,3.88349294662,1.8950150013,0.46954703331,3.97842311859
0.07,0.342409133911,0.285259008408,3.49913406372,3.31144809723,1.70869493484,0.469678163528,3.94549202919
0.071,0.342409133911,0.285259008408,3.34675478935,3.25837206841,1.68500304222,0.471219062805,3.97929692268
0.072,0.342409133911,0.285259008408,3.41265201569,3.39726185799,1.73422408104,0.46781206131,3.81398010254
0.073,0.342409133911,0.285259008408,3.45103907585,3.42875003815,1.73195409775,0.477173089981,3.88251209259
0.074,0.342409133911,0.285259008408,3.46908903122,3.38314390182,1.74738192558,0.465975999832,3.9321911335
0.075,0.342409133911,0.285259008408,3.47579216957,3.28671503067,1.71619105339,0.461939096451,3.7668671608
0.076,0.342409133911,0.285259008408,3.33347678185,3.38442707062,1.70870113373,0.453768014908,3.79675483704
0.077,0.342409133911,0.285259008408,3.31442308426,3.4495139122,1.6956140995,0.452450990677,3.83803486824
0.078,0.342409133911,0.285259008408,3.41837096214,3.59853792191,1.68941402435,0.469506978989,3.88039708138
0.079,0.342409133911,0.285259008408,3.32125306129,3.24356484413,1.69897294044,0.458513975143,3.86652708054
0.08,0.342409133911,0.285259008408,3.64382600784,3.30128908157,1.71753501892,0.466201066971,3.76003694534
0.081,0.342409133911,0.285259008408,3.33317017555,3.25767397881,1.72372198105,0.463563919067,3.77455186844
0.082,0.342409133911,0.285259008408,3.3160879612,3.27180099487,1.70238399506,0.460839033127,3.78992414474
0.083,0.342409133911,0.285259008408,3.40891003609,3.39327907562,1.69987106323,0.455552816391,3.92222619057
0.084,0.342409133911,0.285259008408,3.50360703468,3.376486063,1.70433211327,0.463440179825,3.98633289337
0.085,0.342409133911,0.285259008408,3.44156479836,3.35554003716,1.69693589211,0.4648001194,3.86952781677
0.086,0.342409133911,0.285259008408,3.32340788841,3.2732770443,1.67978811264,0.451902151108,3.82063102722
0.087,0.342409133911,0.285259008408,3.33171415329,3.25720214844,1.70946216583,0.457375049591,3.86642098427
0.088,0.342409133911,0.285259008408,3.46791601181,3.37800693512,1.70162010193,0.454397916794,3.80344605446
0.089,0.342409133911,0.285259008408,3.34463214874,3.26126909256,1.69280219078,0.463030099869,3.78774595261
0.09,0.342409133911,0.285259008408,3.31588077545,3.26391506195,1.6977751255,0.454164028168,3.81163096428
0.091,0.342409133911,0.285259008408,3.33867502213,3.24970889091,1.68816804886,0.456303119659,3.79167699814
0.092,0.342409133911,0.285259008408,3.29663109779,3.2533659935,1.69488310814,0.455816984177,3.78987598419
0.093,0.342409133911,0.285259008408,3.32104992867,3.2730140686,1.67705106735,0.451118946075,3.83299279213
0.094,0.342409133911,0.285259008408,3.4436879158,3.55212402344,1.73027706146,0.46900510788,3.82027006149
0.095,0.342409133911,0.285259008408,3.34851503372,3.25837516785,1.70972394943,0.463195085526,4.14633202553
0.096,0.342409133911,0.285259008408,3.39936995506,3.26103210449,1.67587804794,0.451951980591,3.86502695084
0.097,0.342409133911,0.285259008408,3.30960583687,3.25815010071,1.67881417274,0.459248065948,3.80541396141
0.098,0.342409133911,0.285259008408,3.33492588997,3.28538990021,1.68325281143,0.453047990799,3.80124783516
0.099,0.342409133911,0.285259008408,3.33388805389,3.39162611961,1.69133400917,0.467956066132,3.90486693382
0.1,0.342409133911,0.285259008408,3.4267308712,3.26758003235,1.69636893272,0.456051111221,3.97951006889
0.101,0.342409133911,0.285259008408,3.50138378143,3.39163804054,1.68896794319,0.462824821472,3.88008308411
0.102,0.342409133911,0.285259008408,3.43428206444,3.39732193947,1.69705891609,0.454015016556,3.83812999725
0.103,0.342409133911,0.285259008408,3.34725499153,3.26128196716,1.6822309494,0.454427957535,3.82606697083
0.104,0.342409133911,0.285259008408,3.33106589317,3.27555298805,1.69724607468,0.458205938339,3.81813311577
0.105,0.342409133911,0.285259008408,3.33570218086,3.27541613579,1.69508099556,0.456620931625,3.92615795135
0.106,0.342409133911,0.285259008408,3.3468170166,3.25397586823,1.69246602058,0.456505060196,3.81745386124
0.107,0.342409133911,0.285259008408,3.32040691376,3.26960492134,1.69291591644,0.464142084122,3.83898019791
0.108,0.342409133911,0.285259008408,3.31950497627,3.26924586296,1.69072699547,0.454391956329,3.82148694992
0.109,0.342409133911,0.285259008408,3.32823491096,3.26717615128,1.68907809258,0.462999105453,3.82058691978
0.11,0.342409133911,0.285259008408,3.3262898922,3.26596999168,1.69222092628,0.456625938416,3.82471990585
0.111,0.342409133911,0.285259008408,3.35042476654,3.26021003723,1.72215390205,0.472520828247,3.82878017426
0.112,0.342409133911,0.285259008408,3.31728291512,3.2898209095,1.72817397118,0.465245962143,4.06739592552
0.113,0.342409133911,0.285259008408,3.42578005791,3.346763134,1.73459506035,0.471789121628,3.98765897751
0.114,0.342409133911,0.285259008408,3.63280391693,3.43092298508,1.72723507881,0.472690105438,3.83743715286
0.115,0.342409133911,0.285259008408,3.35049295425,3.35690999031,1.72544598579,0.465234994888,3.80439400673
0.116,0.342409133911,0.285259008408,3.34314084053,3.25372695923,1.73479104042,0.470382928848,3.81800699234
0.117,0.342409133911,0.285259008408,3.32671189308,3.26385688782,1.70963311195,0.463232040405,3.82585406303
0.118,0.342409133911,0.285259008408,3.33897805214,3.25194692612,1.71386694908,0.471044063568,3.80973815918
0.119,0.342409133911,0.285259008408,3.33131098747,3.29158210754,1.72477507591,0.464367866516,3.82070398331
0.12,0.342409133911,0.285259008408,3.35345602036,3.26631784439,1.71600794792,0.466668844223,3.82325792313
0.121,0.342409133911,0.285259008408,3.34314203262,3.29415202141,1.72707605362,0.46514415741,3.82213592529
0.122,0.342409133911,0.285259008408,3.32022404671,3.25356388092,1.72185897827,0.465559959412,3.80901002884
0.123,0.342409133911,0.285259008408,3.32834506035,3.26789808273,1.71132397652,0.463397026062,3.83935403824
0.124,0.342409133911,0.285259008408,3.34783101082,3.41038107872,1.70965886116,0.465214014053,3.81312417984
0.125,0.342409133911,0.285259008408,3.3424949646,3.27847290039,1.72005987167,0.467385053635,3.82077693939
0.126,0.342409133911,0.285259008408,3.37285900116,3.26667380333,1.71506595612,0.462739944458,3.83870100975
0.127,0.342409133911,0.285259008408,3.31256985664,3.27835297585,1.72122502327,0.465771913528,3.82178592682
0.128,0.342409133911,0.285259008408,3.34400200844,3.25486898422,1.70759415627,0.460746049881,3.8314909935
0.129,0.342409133911,0.285259008408,3.34524011612,3.26044511795,1.71156477928,0.450022935867,3.8345580101
0.13,0.342409133911,0.285259008408,3.34699702263,3.25363302231,1.68478989601,0.454418897629,3.89693522453
0.131,0.342409133911,0.285259008408,3.39213109016,3.26479887962,1.67883992195,0.454361915588,3.86139416695
0.132,0.342409133911,0.285259008408,3.33806419373,3.24959206581,1.68529415131,0.453684091568,3.86489009857
0.133,0.342409133911,0.285259008408,3.38766217232,3.34689497948,1.6930398941,0.478334903717,4.0214600563
0.134,0.342409133911,0.285259008408,3.43678212166,3.37540197372,1.69677400589,0.46151804924,3.84666609764
0.135,0.342409133911,0.285259008408,3.40628385544,3.39675092697,1.71707892418,0.45644903183,3.8493309021
0.136,0.342409133911,0.285259008408,3.33362293243,3.26569008827,1.72327494621,0.474646091461,3.8176381588
0.137,0.342409133911,0.285259008408,3.31793999672,3.26747989655,1.73375892639,0.475550174713,3.99248504639
0.138,0.342409133911,0.285259008408,3.45418000221,3.27462387085,1.72385191917,0.471670866013,3.82828712463
0.139,0.342409133911,0.285259008408,3.32837104797,3.27559018135,1.71322393417,0.462036848068,3.85015082359
0.14,0.342409133911,0.285259008408,3.35139799118,3.43100190163,1.73164606094,0.470004081726,4.14964079857
0.141,0.342409133911,0.285259008408,3.3388710022,3.25653791428,1.7191491127,0.466507911682,3.83834695816
0.142,0.342409133911,0.285259008408,3.31813001633,3.26837015152,1.7235929966,0.467283010483,3.94450497627
0.143,0.342409133911,0.285259008408,3.3476190567,3.27450203896,1.71500396729,0.46510386467,3.83447504044
0.144,0.342409133911,0.285259008408,3.35585689545,3.28887104988,1.70924782753,0.460558891296,4.19357705116
0.145,0.342409133911,0.285259008408,3.42651891708,3.24896812439,1.67853093147,0.462213993073,3.9744758606
0.146,0.342409133911,0.285259008408,3.42538189888,3.37835597992,1.69395279884,0.454502820969,4.00084590912
0.147,0.342409133911,0.285259008408,3.54881501198,3.43693900108,1.73729801178,0.45814704895,3.89062690735
0.148,0.342409133911,0.285259008408,3.33905696869,3.27114510536,1.69429588318,0.461711168289,3.85692310333
0.149,0.342409133911,0.285259008408,3.34755587578,3.27022600174,1.72416806221,0.467046022415,3.85876512527
0.15,0.342409133911,0.285259008408,3.36724901199,3.44563698769,1.70250701904,0.459301948547,3.89914298058
0.151,0.342409133911,0.285259008408,3.32249283791,3.26233792305,1.69735693932,0.457224845886,3.94828605652
0.152,0.342409133911,0.285259008408,3.62407898903,3.43995499611,1.72277283669,0.467617034912,3.8303129673
0.153,0.342409133911,0.285259008408,3.33850097656,3.26008486748,1.736317873,0.467212915421,3.9965069294
0.154,0.342409133911,0.285259008408,3.37085390091,3.27855992317,1.71507787704,0.464600801468,3.84984612465
0.155,0.342409133911,0.285259008408,3.34220290184,3.25279402733,1.71716809273,0.466762065887,3.97636795044
0.156,0.342409133911,0.285259008408,3.41187596321,3.34824490547,1.71672511101,0.463438987732,3.87382102013
0.157,0.342409133911,0.285259008408,3.32038807869,3.25653004646,1.72210717201,0.471893072128,3.90389919281
0.158,0.342409133911,0.285259008408,3.34622383118,3.27351593971,1.72484111786,0.467736959457,3.83757615089
0.159,0.342409133911,0.285259008408,3.32925486565,3.42105293274,1.71590185165,0.469704866409,3.86201095581
0.16,0.342409133911,0.285259008408,3.33571887016,3.26191616058,1.72488713264,0.466981887817,3.85038495064
0.161,0.342409133911,0.285259008408,3.45989608765,3.27769494057,1.72001290321,0.4744348526,3.85228300095
0.162,0.342409133911,0.285259008408,3.32229113579,3.25789999962,1.71686410904,0.462249994278,3.91737914085
0.163,0.342409133911,0.285259008408,3.33461403847,3.27086400986,1.70640921593,0.476402044296,3.91512703896
0.164,0.342409133911,0.285259008408,3.325745821,3.25814390182,1.71260404587,0.463963031769,3.86084699631
0.165,0.342409133911,0.285259008408,3.38311815262,3.51669287682,1.72421598434,0.46733212471,3.8543419838
0.166,0.342409133911,0.285259008408,3.3430929184,3.2536380291,1.72780609131,0.465395927429,3.87709379196
0.167,0.342409133911,0.285259008408,3.33482098579,3.30444097519,1.70743489265,0.458966016769,3.86907196045
0.168,0.342409133911,0.285259008408,3.34201192856,3.25143694878,1.71117997169,0.463377952576,3.84861302376
0.169,0.342409133911,0.285259008408,3.33818888664,3.3677740097,1.7211420536,0.464488983154,3.82616186142
0.17,0.342409133911,0.285259008408,3.38860082626,3.24515104294,1.70952987671,0.453058958054,3.8594481945
0.171,0.342409133911,0.285259008408,3.33316397667,3.26458311081,1.68576097488,0.453294992447,3.90317082405
0.172,0.342409133911,0.285259008408,3.33459401131,3.24980902672,1.68765711784,0.456382036209,3.87241482735
0.173,0.342409133911,0.285259008408,3.34129595757,3.27431297302,1.68733692169,0.453207015991,3.8830499649
0.174,0.342409133911,0.285259008408,3.3290810585,3.26005005836,1.69125413895,0.453866004944,3.88528013229
0.175,0.342409133911,0.285259008408,3.33331298828,3.26374006271,1.67725515366,0.452441930771,3.89969396591
0.176,0.342409133911,0.285259008408,3.30768799782,3.24693894386,1.68401503563,0.451776981354,3.895403862
0.177,0.342409133911,0.285259008408,3.31593585014,3.26074194908,1.68199586868,0.453827857971,3.88767790794
0.178,0.342409133911,0.285259008408,3.34015011787,3.25543999672,1.71716594696,0.46292591095,3.85880994797
0.179,0.342409133911,0.285259008408,3.35081911087,3.40005493164,1.71815299988,0.466378211975,3.86855697632
0.18,0.342409133911,0.285259008408,3.33029198647,3.25300693512,1.72113204002,0.46545290947,3.86045789719
0.181,0.342409133911,0.285259008408,3.40478801727,3.26911997795,1.71547293663,0.463546037674,3.86641716957
0.182,0.342409133911,0.285259008408,3.32888317108,3.26302409172,1.72054505348,0.465560913086,3.86635684967
0.183,0.342409133911,0.285259008408,3.36245894432,3.26677799225,1.72229504585,0.465673923492,3.86081695557
0.184,0.342409133911,0.285259008408,3.43985891342,3.42599987984,1.73232007027,0.47411608696,4.11443686485
0.185,0.342409133911,0.285259008408,3.62584900856,3.50069904327,1.71843290329,0.467231035233,3.92245292664
0.186,0.342409133911,0.285259008408,3.33819913864,3.56114315987,1.72710084915,0.463424921036,3.92962384224
0.187,0.342409133911,0.285259008408,3.60990715027,3.46607303619,1.72410488129,0.466626882553,4.16488289833
0.188,0.342409133911,0.285259008408,3.46821308136,3.39307498932,1.75605106354,0.474068880081,3.8871819973
0.189,0.342409133911,0.285259008408,3.33427715302,3.2670609951,1.71961188316,0.464855909348,3.86315488815
0.19,0.342409133911,0.285259008408,3.36040186882,3.26972389221,1.72815203667,0.471851110458,3.85655999184
0.191,0.342409133911,0.285259008408,3.3322520256,3.28022384644,1.72517490387,0.465697050095,3.86739587784
0.192,0.342409133911,0.285259008408,3.32845187187,3.26691603661,1.71417212486,0.469159126282,4.19229602814
0.193,0.342409133911,0.285259008408,3.31649184227,3.25009989738,1.70241904259,0.470855951309,4.17526102066
0.194,0.342409133911,0.285259008408,3.40197014809,3.31345891953,1.68338298798,0.457574129105,3.92149806023
0.195,0.342409133911,0.285259008408,3.3602180481,3.27284121513,1.72492098808,0.496925830841,4.18875598907
0.196,0.342409133911,0.285259008408,3.67051815987,3.2641749382,1.69319105148,0.45800113678,3.89897799492
0.197,0.342409133911,0.285259008408,3.32939600945,3.27468800545,1.70247721672,0.488833904266,3.92800402641
0.198,0.342409133911,0.285259008408,3.34770703316,3.25953102112,1.68813800812,0.460718870163,3.89346289635
0.199,0.342409133911,0.285259008408,3.34345197678,3.29806900024,1.6797990799,0.452949047089,3.9080080986
0.2,0.342409133911,0.285259008408,3.34883594513,3.26366305351,1.67592906952,0.459049940109,3.91117191315
0.201,0.342409133911,0.285259008408,3.34139704704,3.26584506035,1.68555283546,0.45606803894,3.91569495201
0.202,0.342409133911,0.285259008408,3.32944178581,3.37280702591,1.72002291679,0.46542596817,4.03270888329
0.203,0.342409133911,0.285259008408,3.38749909401,3.27227306366,1.7052359581,0.45503115654,3.88577318192
0.204,0.342409133911,0.285259008408,3.33568096161,3.25074100494,1.68943500519,0.461773872375,3.87170505524
0.205,0.342409133911,0.285259008408,3.32374787331,3.25423288345,1.69862699509,0.456696033478,3.89175891876
0.206,0.342409133911,0.285259008408,3.33599805832,3.24726819992,1.69004511833,0.455826997757,3.96087098122
0.207,0.342409133911,0.285259008408,3.32030105591,3.27420401573,1.69366502762,0.455564975739,3.89716386795
0.208,0.342409133911,0.285259008408,3.3465359211,3.25984501839,1.69630599022,0.462235927582,3.9078848362
0.209,0.342409133911,0.285259008408,3.33915305138,3.55808186531,1.70614504814,0.454179048538,3.93724799156
0.21,0.342409133911,0.285259008408,3.62728214264,3.36558008194,1.68288111687,0.456243991852,4.09965801239
0.211,0.342409133911,0.285259008408,3.55411601067,3.41185808182,1.71946907043,0.48001909256,4.24984884262
0.212,0.342409133911,0.285259008408,3.49277114868,3.26664304733,1.73365712166,0.473397016525,3.85121798515
0.213,0.342409133911,0.285259008408,3.35528302193,3.28097510338,1.7249250412,0.467357873917,3.8785610199
0.214,0.342409133911,0.285259008408,3.34739303589,3.27942299843,1.71441197395,0.463757991791,3.86813116074
0.215,0.342409133911,0.285259008408,3.33707785606,3.33190202713,1.73869419098,0.477505922318,4.23215007782
0.216,0.342409133911,0.285259008408,3.44572687149,3.27605700493,1.6754219532,0.457903146744,3.91139411926
0.217,0.342409133911,0.285259008408,3.31210494041,3.26046085358,1.73295307159,0.467443227768,3.85702800751
0.218,0.342409133911,0.285259008408,3.3449010849,3.26942706108,1.72460699081,0.466995954514,3.85017800331
0.219,0.342409133911,0.285259008408,3.32030391693,3.24910998344,1.72830605507,0.468950033188,3.86773586273
0.22,0.342409133911,0.285259008408,3.34583306313,3.49293994904,1.73696088791,0.470458984375,4.11810183525
0.221,0.342409133911,0.285259008408,3.67035984993,3.46559906006,1.73347592354,0.469932079315,3.86806917191
0.222,0.342409133911,0.285259008408,3.40280413628,3.61185312271,1.76898908615,0.477107048035,4.22783184052
0.223,0.342409133911,0.285259008408,3.36444997787,3.26401901245,1.72422504425,0.467413902283,3.88667201996
0.224,0.342409133911,0.285259008408,3.34009408951,3.33596801758,1.73607492447,0.472103118896,4.06557178497
0.225,0.342409133911,0.285259008408,3.34476709366,3.26447987556,1.72667002678,0.468029975891,3.85892295837
0.226,0.342409133911,0.285259008408,3.33297395706,3.26068496704,1.72218799591,0.475690126419,3.89578580856
0.227,0.342409133911,0.285259008408,3.61120796204,3.47813606262,1.73670196533,0.477098941803,4.06246304512
0.228,0.342409133911,0.285259008408,3.32598805428,3.25597000122,1.69855213165,0.45108294487,3.89584803581
0.229,0.342409133911,0.285259008408,3.31862592697,3.26122999191,1.67471790314,0.460389852524,3.89928913116
0.23,0.342409133911,0.285259008408,3.3163819313,3.2484369278,1.68728590012,0.45441699028,3.89670920372
0.231,0.342409133911,0.285259008408,3.35532307625,3.27213311195,1.68331193924,0.461632013321,3.90380597115
0.232,0.342409133911,0.285259008408,3.307254076,3.25422883034,1.69627380371,0.455276012421,3.88495707512
0.233,0.342409133911,0.285259008408,3.3318169117,3.26310515404,1.67070508003,0.461138963699,3.90627098083
0.234,0.342409133911,0.285259008408,3.40543603897,3.26605892181,1.68705201149,0.452290058136,3.91605091095
0.235,0.342409133911,0.285259008408,3.33634901047,3.27193808556,1.68945121765,0.461941003799,3.95545291901
0.236,0.342409133911,0.285259008408,3.32761001587,3.26862001419,1.68726682663,0.453459024429,3.90792489052
0.237,0.342409133911,0.285259008408,3.33556818962,3.27835702896,1.71595907211,0.456568002701,3.94941687584
0.238,0.342409133911,0.285259008408,3.32974410057,3.25606894493,1.6867749691,0.454370975494,3.90543913841
0.239,0.342409133911,0.285259008408,3.33214521408,3.27305698395,1.68922281265,0.462692975998,3.90759396553
0.24,0.342409133911,0.285259008408,3.32310318947,3.28273487091,1.69580006599,0.455044031143,3.90260314941
0.241,0.342409133911,0.285259008408,3.34019088745,3.27436685562,1.69577503204,0.461728096008,3.92243885994
0.242,0.342409133911,0.285259008408,3.3143928051,3.25852203369,1.69452500343,0.455900907516,3.91876602173
0.243,0.342409133911,0.285259008408,3.33873796463,3.35986304283,1.69796490669,0.457462072372,3.91509509087
0.244,0.342409133911,0.285259008408,3.55036091805,3.53334403038,1.71335792542,0.477789878845,4.10255002975
0.245,0.342409133911,0.285259008408,3.43177103996,3.32158589363,1.691147089,0.456379890442,4.16204595566
0.246,0.342409133911,0.285259008408,3.35396194458,3.26792502403,1.71890807152,0.46616601944,3.86758804321
0.247,0.342409133911,0.285259008408,3.34357094765,3.26448607445,1.72490906715,0.469236135483,3.88245010376
0.248,0.342409133911,0.285259008408,3.52433896065,3.56880497932,1.73800420761,0.468180894852,4.11432909966
0.249,0.342409133911,0.285259008408,3.52171015739,3.44364690781,1.7479839325,0.471749782562,4.09384012222
0.25,0.342409133911,0.285259008408,3.39951205254,3.25932693481,1.68497014046,0.460720062256,4.03678917885
0.251,0.342409133911,0.285259008408,3.50930595398,3.2881090641,1.70135593414,0.454585075378,4.14514684677
0.252,0.342409133911,0.285259008408,3.32448506355,3.34460091591,1.6886677742,0.458415031433,3.90412306786
0.253,0.342409133911,0.285259008408,3.34544706345,3.26724600792,1.69271707535,0.455565929413,4.04973196983
0.254,0.342409133911,0.285259008408,3.45158100128,3.26977396011,1.72804093361,0.467658996582,4.22943091393
0.255,0.342409133911,0.285259008408,3.69021892548,3.50026392937,1.75230407715,0.477741003036,3.93490791321
0.256,0.342409133911,0.285259008408,3.77653098106,3.30402398109,1.74599409103,0.468156099319,3.9875972271
0.257,0.342409133911,0.285259008408,3.63118386269,3.34349012375,1.72132611275,0.46319103241,4.0122191906
0.258,0.342409133911,0.285259008408,3.33812618256,3.31196093559,1.69100904465,0.455382108688,4.07810902596
0.259,0.342409133911,0.285259008408,3.39086294174,3.26464104652,1.69994997978,0.462115049362,3.89698195457
0.26,0.342409133911,0.285259008408,3.32897400856,3.25914597511,1.70555710793,0.456657886505,3.90266919136
0.261,0.342409133911,0.285259008408,3.3468401432,3.35630702972,1.70715403557,0.458130121231,3.88724899292
0.262,0.342409133911,0.285259008408,3.33911204338,3.26461791992,1.72708702087,0.470063924789,3.87437319756
0.263,0.342409133911,0.285259008408,3.36564803123,3.27280306816,1.72367596626,0.468487977982,3.88423109055
0.264,0.342409133911,0.285259008408,3.34802293777,3.2701280117,1.72405600548,0.470285892487,3.87458610535
0.265,0.342409133911,0.285259008408,3.34108901024,3.27579212189,1.72717618942,0.468291044235,3.86819291115
0.266,0.342409133911,0.285259008408,3.35541200638,3.25677394867,1.72019600868,0.465229034424,3.89932203293
0.267,0.342409133911,0.285259008408,3.32982587814,3.26973700523,1.73184108734,0.466512918472,3.91274905205
0.268,0.342409133911,0.285259008408,3.34631800652,3.2539768219,1.70975399017,0.456774950027,3.8881008625
0.269,0.342409133911,0.285259008408,3.32901310921,3.27880811691,1.6741900444,0.450292825699,3.93220996857
0.27,0.342409133911,0.285259008408,3.35830903053,3.25667214394,1.71908783913,0.452875852585,3.93341708183
0.271,0.342409133911,0.285259008408,3.32546520233,3.2612760067,1.68565297127,0.454858064651,3.92506980896
0.272,0.342409133911,0.285259008408,3.32764482498,3.26572012901,1.69017791748,0.462146997452,3.93381786346
0.273,0.342409133911,0.285259008408,3.31846213341,3.26709580421,1.75626301765,0.473812103271,4.30224895477
0.274,0.342409133911,0.285259008408,3.58015918732,3.41178202629,1.70365595818,0.46192908287,4.10892796516
0.275,0.342409133911,0.285259008408,3.5164270401,3.46963191032,1.69959688187,0.459409952164,4.11253714561
0.276,0.342409133911,0.285259008408,3.41671013832,3.45916199684,1.73271989822,0.458940982819,3.98840403557
0.277,0.342409133911,0.285259008408,3.31918501854,3.26426792145,1.69736599922,0.455263137817,3.90694904327
0.278,0.342409133911,0.285259008408,3.33425021172,3.26121377945,1.68666005135,0.4665620327,3.91096806526
0.279,0.342409133911,0.285259008408,3.33036088943,3.27834200859,1.75714898109,0.471652984619,3.8735678196
0.28,0.342409133911,0.285259008408,3.34903812408,3.27156496048,1.73633909225,0.476273059845,3.8782119751
0.281,0.342409133911,0.285259008408,3.33268284798,3.28916311264,1.73544597626,0.469563007355,3.88361287117
0.282,0.342409133911,0.285259008408,3.32835817337,3.28332018852,1.72696900368,0.468183994293,3.89049005508
0.283,0.342409133911,0.285259008408,3.32423710823,3.26684403419,1.72982692719,0.468724966049,3.88723111153
0.284,0.342409133911,0.285259008408,3.35077905655,3.28348302841,1.738519907,0.469039916992,3.8679189682
0.285,0.342409133911,0.285259008408,3.33084321022,3.272824049,1.73113703728,0.469739198685,3.91100907326
0.286,0.342409133911,0.285259008408,3.34882497787,3.27095508575,1.71631598473,0.462574005127,3.89973807335
0.287,0.342409133911,0.285259008408,3.34267306328,3.27007198334,1.73180294037,0.468487977982,3.88160419464
0.288,0.342409133911,0.285259008408,3.35176587105,3.272990942,1.72436094284,0.466644048691,4.05898213387
0.289,0.342409133911,0.285259008408,3.34120392799,3.26426196098,1.73343586922,0.470561027527,3.87272715569
0.29,0.342409133911,0.285259008408,3.339427948,3.30554509163,1.74623012543,0.469747066498,3.88252592087
0.291,0.342409133911,0.285259008408,3.34133005142,3.26447200775,1.68152213097,0.453485965729,3.92194509506
0.292,0.342409133911,0.285259008408,3.31984400749,3.26016402245,1.69137883186,0.455279827118,3.92131304741
0.293,0.342409133911,0.285259008408,3.343334198,3.25211811066,1.74138784409,0.47850894928,3.86577701569
0.294,0.342409133911,0.285259008408,3.32862091064,3.27380013466,1.7412481308,0.470844984055,3.8644452095
0.295,0.342409133911,0.285259008408,3.38384509087,3.27679800987,1.72771716118,0.477767944336,3.8869099617
0.296,0.342409133911,0.285259008408,3.33912801743,3.28700113297,1.72529315948,0.465913057327,3.8829870224
0.297,0.342409133911,0.285259008408,3.32635402679,3.27090883255,1.72760891914,0.474959850311,3.87328195572
0.298,0.342409133911,0.285259008408,3.46472001076,3.26506900787,1.73792815208,0.469455003738,3.86968302727
0.299,0.342409133911,0.285259008408,3.34090900421,3.25955295563,1.72125101089,0.46996307373,3.90429711342
0.3,0.342409133911,0.285259008408,3.33913803101,3.26369094849,1.71850895882,0.451630115509,3.89237809181
0.301,0.342409133911,0.285259008408,3.33896684647,3.27620220184,1.68570804596,0.452238082886,3.93251204491
0.302,0.342409133911,0.285259008408,3.33321690559,3.25900292397,1.68432092667,0.455719947815,3.9293859005
0.303,0.342409133911,0.285259008408,3.34161710739,3.26171088219,1.69367599487,0.455356121063,3.9199681282
0.304,0.342409133911,0.285259008408,3.33143401146,3.28321290016,1.73202180862,0.471071958542,3.87190794945
0.305,0.342409133911,0.285259008408,3.33673501015,3.27224707603,1.74072694778,0.472071886063,3.87294411659
0.306,0.342409133911,0.285259008408,3.34909105301,3.26955699921,1.73609304428,0.468628883362,3.87157201767
0.307,0.342409133911,0.285259008408,3.45216488838,3.27645301819,1.71890687943,0.465245962143,3.90821695328
0.308,0.342409133911,0.285259008408,3.34937787056,3.2775888443,1.73589682579,0.472207069397,3.92242980003
0.309,0.342409133911,0.285259008408,3.32982301712,3.2753469944,1.72095608711,0.463242053986,3.88937711716
0.31,0.342409133911,0.285259008408,3.34091615677,3.26439404488,1.73004984856,0.473651885986,3.88765501976
0.311,0.342409133911,0.285259008408,3.42252779007,3.27262401581,1.71444296837,0.465575933456,3.90357804298
0.312,0.342409133911,0.285259008408,3.33127188683,3.27701401711,1.71418499947,0.472681999207,3.91218996048
0.313,0.342409133911,0.285259008408,3.35506391525,3.29993891716,1.72832393646,0.465921163559,3.88951802254
0.314,0.342409133911,0.285259008408,3.34831595421,3.2891600132,1.71986484528,0.469522953033,3.89479804039
0.315,0.342409133911,0.285259008408,3.34019398689,3.26385593414,1.71939086914,0.466923952103,3.96280097961
0.316,0.342409133911,0.285259008408,3.33776807785,3.35566020012,1.72908997536,0.467828989029,3.88157200813
0.317,0.342409133911,0.285259008408,3.34441423416,3.26074504852,1.71812796593,0.464493989944,3.90475201607
0.318,0.342409133911,0.285259008408,3.35536718369,3.28434705734,1.72619605064,0.468451023102,3.88084602356
0.319,0.342409133911,0.285259008408,3.36720395088,3.27005600929,1.73678708076,0.469046115875,3.88697504997
0.32,0.342409133911,0.285259008408,3.34714698792,3.26688480377,1.71663498878,0.466564893723,3.90224885941
0.321,0.342409133911,0.285259008408,3.34473490715,3.26663303375,1.72182798386,0.467101097107,3.88187289238
0.322,0.342409133911,0.285259008408,3.32585787773,3.55440616608,1.69370412827,0.458940029144,3.94248199463
0.323,0.342409133911,0.285259008408,3.32801198959,3.26413679123,1.68358516693,0.461549043655,3.90926194191
0.324,0.342409133911,0.285259008408,3.31314110756,3.26478600502,1.69400596619,0.454936981201,3.90176200867
0.325,0.342409133911,0.285259008408,3.33267688751,3.2622461319,1.73159503937,0.461808204651,3.86667203903
0.326,0.342409133911,0.285259008408,3.33833312988,3.26074790955,1.69313716888,0.455579042435,3.9111199379
0.327,0.342409133911,0.285259008408,3.32987999916,3.2888469696,1.69737792015,0.45712184906,3.90707921982
0.328,0.342409133911,0.285259008408,3.31402492523,3.25877594948,1.69446611404,0.456453084946,3.89163517952
0.329,0.342409133911,0.285259008408,3.32329297066,3.25897717476,1.69539499283,0.463762998581,3.8925318718
0.33,0.342409133911,0.285259008408,3.33163309097,3.2552318573,1.70341491699,0.458815813065,3.89822697639
0.331,0.342409133911,0.285259008408,3.32774496078,3.30487394333,1.70304512978,0.466821908951,3.94385409355
0.332,0.342409133911,0.285259008408,3.3069460392,3.25755000114,1.69869089127,0.457063913345,3.89756989479
0.333,0.342409133911,0.285259008408,3.32678103447,3.26935887337,1.68509697914,0.46182179451,3.90860700607
0.334,0.342409133911,0.285259008408,3.41480088234,3.26107001305,1.69898986816,0.457968950272,4.05848002434
0.335,0.342409133911,0.285259008408,3.33100295067,3.26965403557,1.69127893448,0.456519842148,3.91381716728
0.336,0.342409133911,0.285259008408,3.33345913887,3.27162313461,1.75464200974,0.472599983215,3.8501060009
0.337,0.342409133911,0.285259008408,3.31631302834,3.2669069767,1.73761916161,0.472314119339,3.87266993523
0.338,0.342409133911,0.285259008408,3.35006904602,3.25216293335,1.72630310059,0.467982053757,3.88090705872
0.339,0.342409133911,0.285259008408,3.33763098717,3.26560497284,1.73721408844,0.469912052155,3.87883996964
0.34,0.342409133911,0.285259008408,3.33982396126,3.2512447834,1.73225498199,0.47047495842,3.87221002579
0.341,0.342409133911,0.285259008408,3.35365700722,3.26935505867,1.72441005707,0.467137098312,3.89013004303
0.342,0.342409133911,0.285259008408,3.32789111137,3.25174307823,1.73283481598,0.474490880966,3.88600707054
0.343,0.342409133911,0.285259008408,3.33503985405,3.2628569603,1.72850394249,0.468423128128,3.90578484535
0.344,0.342409133911,0.285259008408,3.41573095322,3.25138497353,1.72197794914,0.472005844116,3.89135313034
0.345,0.342409133911,0.285259008408,3.3371720314,3.27596378326,1.73004412651,0.471837043762,3.92716813087
0.346,0.342409133911,0.285259008408,3.34590816498,3.25906205177,1.72430086136,0.475091934204,3.89403414726
0.347,0.342409133911,0.285259008408,3.31531214714,3.27731800079,1.7268910408,0.468194007874,4.11093616486
0.348,0.342409133911,0.285259008408,3.3759059906,3.27480316162,1.72503399849,0.469858884811,3.896682024
0.349,0.342409133911,0.285259008408,3.34093499184,3.26657915115,1.7228038311,0.464236974716,3.92473387718
0.35,0.342409133911,0.285259008408,3.36684703827,3.27870202065,1.74049401283,0.476443052292,4.07709717751
0.351,0.342409133911,0.285259008408,3.64720702171,3.49592995644,1.73737311363,0.483299016953,4.12574005127
0.352,0.342409133911,0.285259008408,3.62490510941,3.50563311577,1.74109983444,0.469190835953,4.19783902168
0.353,0.342409133911,0.285259008408,3.55120897293,3.44871091843,1.75315594673,0.480350971222,4.15739893913
0.354,0.342409133911,0.285259008408,3.51355600357,3.58294987679,1.71939301491,0.460372924805,4.08569598198
0.355,0.342409133911,0.285259008408,3.39226102829,3.33487796783,1.71333312988,0.454474925995,3.9538860321
0.356,0.342409133911,0.285259008408,3.34261798859,3.26146292686,1.69021987915,0.463108062744,3.93218708038
0.357,0.342409133911,0.285259008408,3.31449699402,3.26062083244,1.6976211071,0.457794189453,3.92359781265
0.358,0.342409133911,0.285259008408,3.34081506729,3.28446292877,1.68842506409,0.456065893173,3.92986083031
0.359,0.342409133911,0.285259008408,3.37384390831,3.32512283325,1.67556190491,0.465533018112,3.92123699188
0.36,0.342409133911,0.285259008408,3.34441804886,3.27323102951,1.73914003372,0.467771053314,3.98236894608
0.361,0.342409133911,0.285259008408,3.53617405891,3.41032290459,1.76499199867,0.474620103836,4.36755108833
0.362,0.342409133911,0.285259008408,3.64663100243,3.5394308567,1.70821404457,0.463156938553,4.03822278976
0.363,0.342409133911,0.285259008408,3.32045221329,3.24698805809,1.70002198219,0.460902929306,4.12099504471
0.364,0.342409133911,0.285259008408,3.33931207657,3.26346898079,1.68402600288,0.456642150879,4.01043701172
0.365,0.342409133911,0.285259008408,3.344424963,3.5662009716,1.76018810272,0.480087995529,3.92546987534
0.366,0.342409133911,0.285259008408,3.33079504967,3.27170395851,1.73815393448,0.473021030426,3.91490602493
0.367,0.342409133911,0.285259008408,3.60930609703,3.32246899605,1.73026609421,0.470033168793,3.97365093231
0.368,0.342409133911,0.285259008408,3.4802479744,3.46773290634,1.74104404449,0.476213932037,4.03706789017
0.369,0.342409133911,0.285259008408,3.3610098362,3.27338814735,1.72321009636,0.466152191162,3.90785503387
0.37,0.342409133911,0.285259008408,3.34201097488,3.27111101151,1.72189211845,0.472058057785,3.96336698532
0.371,0.342409133911,0.285259008408,3.32177901268,3.26043796539,1.73703789711,0.470324039459,3.87086796761
0.372,0.342409133911,0.285259008408,3.3184440136,3.26108193398,1.71647596359,0.473507881165,3.8950419426
0.373,0.342409133911,0.285259008408,3.34026813507,3.24472093582,1.73321986198,0.469506978989,3.89573717117
0.374,0.342409133911,0.285259008408,3.33631014824,3.27587199211,1.72376799583,0.469368934631,3.89500999451
0.375,0.342409133911,0.285259008408,3.34056687355,3.25837683678,1.7241590023,0.466546058655,3.89475703239
0.376,0.342409133911,0.285259008408,3.33974409103,3.27404808998,1.72566604614,0.469269037247,4.16239690781
0.377,0.342409133911,0.285259008408,3.54158592224,3.27704501152,1.6724460125,0.46012711525,4.03220200539
0.378,0.342409133911,0.285259008408,3.36333298683,3.27006077766,1.73517489433,0.470958948135,3.87925887108
0.379,0.342409133911,0.285259008408,3.35134196281,3.27827906609,1.72379899025,0.473157167435,3.89677906036
0.38,0.342409133911,0.285259008408,3.4766459465,3.26831889153,1.71868801117,0.465867996216,3.90007901192
0.381,0.342409133911,0.285259008408,3.3585960865,3.27141880989,1.71592998505,0.466159820557,3.92617702484
0.382,0.342409133911,0.285259008408,3.3289000988,3.26082992554,1.71729183197,0.464959859848,3.89928412437
0.383,0.342409133911,0.285259008408,3.33946704865,3.29105710983,1.73240804672,0.469055175781,3.87593793869
0.384,0.342409133911,0.285259008408,3.34297895432,3.26946902275,1.73055815697,0.469634056091,3.88774204254
0.385,0.342409133911,0.285259008408,3.35278892517,3.33394098282,1.71241807938,0.467074871063,3.89891695976
0.386,0.342409133911,0.285259008408,3.35306286812,3.28440880775,1.73770999908,0.467717885971,3.89157795906
0.387,0.342409133911,0.285259008408,3.31802105904,3.27118492126,1.72416186333,0.465973854065,3.89484095573
0.388,0.342409133911,0.285259008408,3.3395280838,3.27023291588,1.7218708992,0.473839044571,3.88191318512
0.389,0.342409133911,0.285259008408,3.33219885826,3.49295496941,1.72439885139,0.466445922852,3.89831709862
0.39,0.342409133911,0.285259008408,3.33722186089,3.2820558548,1.70550990105,0.469022989273,3.90790295601
0.391,0.342409133911,0.285259008408,3.59719514847,3.62775588036,1.74177098274,0.474399805069,4.16886305809
0.392,0.342409133911,0.285259008408,3.59753704071,3.31526613235,1.72750902176,0.468762874603,3.8980679512
0.393,0.342409133911,0.285259008408,3.78842806816,3.46369099617,1.6884829998,0.455033063889,3.98499488831
0.394,0.342409133911,0.285259008408,3.32332587242,3.27038598061,1.67681097984,0.454210042953,3.9402680397
0.395,0.342409133911,0.285259008408,3.33387994766,3.28595304489,1.73397803307,0.497617006302,5.19201397896
0.396,0.342409133911,0.285259008408,5.02383208275,4.22714090347,1.76573395729,0.554759979248,5.23052191734
0.397,0.342409133911,0.285259008408,3.364828825,3.38041114807,1.75587296486,0.474149942398,4.07628202438
0.398,0.342409133911,0.285259008408,3.37452816963,3.31206893921,1.74690103531,0.473448991776,3.94769310951
0.399,0.342409133911,0.285259008408,3.39917612076,3.30902504921,1.74425721169,0.468935012817,3.98058915138
0.4,0.342409133911,0.285259008408,3.37826991081,3.31352090836,1.74896192551,0.473522901535,3.93604111671
0.401,0.342409133911,0.285259008408,3.38058400154,3.39004707336,1.71871495247,0.477270126343,3.97097802162
0.402,0.342409133911,0.285259008408,3.37654209137,4.07002902031,1.91215085983,0.490422010422,5.41492795944
0.403,0.342409133911,0.285259008408,3.54933595657,3.27136993408,1.683811903,0.454044818878,3.94223117828
0.404,0.342409133911,0.285259008408,3.35120415688,3.28988385201,1.71002292633,0.462323904037,3.92668199539
0.405,0.342409133911,0.285259008408,3.34104800224,3.26280903816,1.73109698296,0.469286203384,3.88881993294
0.406,0.342409133911,0.285259008408,3.34274506569,3.29618406296,1.73129582405,0.471248865128,4.0128929615
0.407,0.342409133911,0.285259008408,3.33781599998,3.2600748539,1.73483109474,0.466556072235,3.92083287239
0.408,0.342409133911,0.285259008408,3.34283709526,3.29387712479,1.72317314148,0.467736959457,3.90364909172
0.409,0.342409133911,0.285259008408,3.35277414322,3.26409697533,1.72830796242,0.463934898376,3.90271282196
0.41,0.342409133911,0.285259008408,3.35328817368,3.27285504341,1.71734213829,0.466557025909,3.92434406281
0.411,0.342409133911,0.285259008408,3.35007715225,3.26608896255,1.72636985779,0.474238872528,3.90342020988
0.412,0.342409133911,0.285259008408,3.32417798042,3.288615942,1.72740912437,0.470995903015,3.89514708519
0.413,0.342409133911,0.285259008408,3.38399386406,3.29420590401,1.71922087669,0.474184989929,3.90936303139
0.414,0.342409133911,0.285259008408,3.33668398857,3.2749569416,1.7162361145,0.465737104416,3.91222190857
0.415,0.342409133911,0.285259008408,3.34270191193,3.2839550972,1.72037982941,0.475276947021,4.0517039299
0.416,0.342409133911,0.285259008408,3.33790612221,3.26162695885,1.71591496468,0.463734149933,3.90870308876
0.417,0.342409133911,0.285259008408,3.33241295815,3.27112102509,1.7250828743,0.472471952438,3.90535283089
0.418,0.342409133911,0.285259008408,3.35045218468,3.26017713547,1.71905899048,0.464753866196,3.90913701057
0.419,0.342409133911,0.285259008408,3.34438514709,3.27933692932,1.71810984612,0.465925931931,3.91014695168
0.42,0.342409133911,0.285259008408,3.35245895386,3.26397180557,1.72607803345,0.469814062119,3.8913230896
0.421,0.342409133911,0.285259008408,3.34255599976,3.26889801025,1.72417497635,0.46756696701,3.89761090279
0.422,0.342409133911,0.285259008408,3.3258869648,3.27250814438,1.67380905151,0.455298185349,3.93544697762
0.423,0.342409133911,0.285259008408,3.32934308052,3.26863908768,1.68323493004,0.453732013702,3.9442691803
0.424,0.342409133911,0.285259008408,3.33764195442,3.25475311279,1.68371415138,0.455651044846,3.91959786415
0.425,0.342409133911,0.285259008408,3.4853579998,3.269094944,1.74038791656,0.470699071884,3.91156411171
0.426,0.342409133911,0.285259008408,3.320333004,3.24373102188,1.73731398582,0.472299098969,3.86426997185
0.427,0.342409133911,0.285259008408,3.29970002174,3.23882389069,1.72034907341,0.462370872498,3.87026000023
0.428,0.342409133911,0.285259008408,3.31430482864,3.23879003525,1.71322607994,0.470032930374,3.86919403076
0.429,0.342409133911,0.285259008408,3.30812907219,3.24375486374,1.71879887581,0.463762998581,3.86507701874
0.43,0.342409133911,0.285259008408,3.3135240078,3.23252415657,1.71519517899,0.463798046112,3.86159610748
0.431,0.342409133911,0.285259008408,3.3018040657,3.26319003105,1.71308708191,0.465142011642,3.86610484123
0.432,0.342409133911,0.285259008408,3.30164790154,3.24179887772,1.70997190475,0.466253995895,3.86412715912
0.433,0.342409133911,0.285259008408,3.30050683022,3.23938512802,1.71235394478,0.465482950211,3.86640095711
0.434,0.342409133911,0.285259008408,3.31843185425,3.24518108368,1.74954509735,0.469797134399,3.86021304131
0.435,0.342409133911,0.285259008408,3.31092095375,3.23851680756,1.71431493759,0.467274904251,3.86550688744
0.436,0.342409133911,0.285259008408,3.33629894257,3.23069405556,1.71421504021,0.464880943298,3.87005805969
0.437,0.342409133911,0.285259008408,3.28373599052,3.2417280674,1.70953392982,0.465979099274,3.88407516479
0.438,0.342409133911,0.285259008408,3.31350898743,3.2369890213,1.70577001572,0.465406894684,3.87684392929
0.439,0.342409133911,0.285259008408,3.3013150692,3.23297095299,1.71458292007,0.464063882828,3.88500404358
0.44,0.342409133911,0.285259008408,3.30942797661,3.23383712769,1.73744320869,0.466521024704,3.88741207123
0.441,0.342409133911,0.285259008408,3.30518102646,3.24719595909,1.7130510807,0.465039968491,3.86415886879
0.442,0.342409133911,0.285259008408,3.29747009277,3.23300600052,1.71832799911,0.468692064285,3.85651779175
0.443,0.342409133911,0.285259008408,3.30452108383,3.25345993042,1.72384905815,0.486069917679,3.87346792221
0.444,0.342409133911,0.285259008408,3.305986166,3.23213505745,1.71273398399,0.462387084961,3.87346816063
0.445,0.342409133911,0.285259008408,3.30717110634,3.28636097908,1.73206210136,0.468883991241,3.87165999413
0.446,0.342409133911,0.285259008408,3.30902194977,3.23286104202,1.72409701347,0.462584018707,3.86381292343
0.447,0.342409133911,0.285259008408,3.29414582253,3.24038600922,1.67624807358,0.45316195488,3.88853406906
0.448,0.342409133911,0.285259008408,3.2894949913,3.22263598442,1.67999196053,0.451541900635,3.88884091377
0.449,0.342409133911,0.285259008408,3.30409598351,3.23405694962,1.67399001122,0.454803943634,3.89552092552
0.45,0.342409133911,0.285259008408,3.32094407082,3.23944997787,1.68392395973,0.451379060745,3.89460897446
0.451,0.342409133911,0.285259008408,3.30987715721,3.23192310333,1.68715786934,0.455189943314,3.89475798607
0.452,0.342409133911,0.285259008408,3.28667998314,3.2577548027,1.67551493645,0.451730966568,4.03062105179
0.453,0.342409133911,0.285259008408,3.30573415756,3.23909401894,1.67644405365,0.452409029007,3.90274095535
0.454,0.342409133911,0.285259008408,3.29307484627,3.23393416405,1.68666100502,0.452405929565,3.92687678337
0.455,0.342409133911,0.285259008408,3.30940198898,3.23806190491,1.68252110481,0.455652952194,3.89541506767
0.456,0.342409133911,0.285259008408,3.30136013031,3.23308515549,1.6786839962,0.453675985336,3.89361000061
0.457,0.342409133911,0.285259008408,3.29038906097,3.23474192619,1.67858791351,0.455001115799,3.8942899704
0.458,0.342409133911,0.285259008408,3.30324101448,3.23799395561,1.67860102654,0.455711126328,3.89814209938
0.459,0.342409133911,0.285259008408,3.42665600777,3.65113282204,1.68791007996,0.45330619812,3.92414689064
0.46,0.342409133911,0.285259008408,3.32603311539,3.25743412971,1.68486714363,0.452888965607,3.94251489639
0.461,0.342409133911,0.285259008408,3.33196687698,3.25081396103,1.68582487106,0.45235991478,3.92876410484
0.462,0.342409133911,0.285259008408,3.4425599575,3.25103402138,1.72895002365,0.468715190887,3.87099003792
0.463,0.342409133911,0.285259008408,3.38861393929,3.25817799568,1.67096018791,0.458677053452,3.97184491158
0.464,0.342409133911,0.285259008408,3.33616805077,3.25424790382,1.67332196236,0.451386928558,3.94499707222
0.465,0.342409133911,0.285259008408,3.32145786285,3.25387692451,1.68048000336,0.457320213318,3.93443703651
0.466,0.342409133911,0.285259008408,3.32006287575,3.33674097061,1.68157601357,0.453052997589,3.93855404854
0.467,0.342409133911,0.285259008408,3.3198029995,3.26454401016,1.67253184319,0.458292007446,3.93649888039
0.468,0.342409133911,0.285259008408,3.32618784904,3.27766299248,1.68190813065,0.463273048401,3.94158697128
0.469,0.342409133911,0.285259008408,3.32707810402,3.26723003387,1.67817902565,0.457282066345,3.92743110657
0.47,0.342409133911,0.285259008408,3.31830501556,3.2607550621,1.70077490807,0.45391702652,3.93017101288
0.471,0.342409133911,0.285259008408,3.33001589775,3.42731499672,1.68975806236,0.475980997086,3.90263295174
0.472,0.342409133911,0.285259008408,3.31440806389,3.24467682838,1.72461915016,0.468156099319,3.87626695633
0.473,0.342409133911,0.285259008408,3.33995008469,3.25393795967,1.72808098793,0.470453977585,3.8705508709
0.474,0.342409133911,0.285259008408,3.32333993912,3.24504899979,1.71902394295,0.464910984039,3.87947797775
0.475,0.342409133911,0.285259008408,3.32153105736,3.26409292221,1.69948911667,0.469063043594,3.90118312836
0.476,0.342409133911,0.285259008408,3.30880093575,3.25299596786,1.71903800964,0.465986967087,3.88231015205
0.477,0.342409133911,0.285259008408,3.31560587883,3.25124287605,1.71200990677,0.470893859863,3.8900809288
0.478,0.342409133911,0.285259008408,3.30568909645,3.23922395706,1.71389007568,0.464845180511,3.88678598404
0.479,0.342409133911,0.285259008408,3.31735706329,3.26016187668,1.71221494675,0.473515987396,3.88871216774
0.48,0.342409133911,0.285259008408,3.31264305115,3.25573992729,1.72151088715,0.465737104416,3.90410399437
0.481,0.342409133911,0.285259008408,3.32314395905,3.25089478493,1.70155715942,0.467861890793,3.88610482216
0.482,0.342409133911,0.285259008408,3.38037896156,3.24574303627,1.71283102036,0.462511062622,3.84370803833
0.483,0.342409133911,0.285259008408,3.29375600815,3.22991895676,1.71345806122,0.46430015564,3.87493991852
0.484,0.342409133911,0.285259008408,3.30422091484,3.22562885284,1.72009587288,0.46764087677,3.86632394791
0.485,0.342409133911,0.285259008408,3.30379104614,3.23310995102,1.71401500702,0.46494603157,3.86832594872
0.486,0.342409133911,0.285259008408,3.29879498482,3.23927402496,1.7130048275,0.460556030273,3.89329004288
0.487,0.342409133911,0.285259008408,3.29064011574,3.23157382011,1.71007800102,0.467055082321,3.87604904175
0.488,0.342409133911,0.285259008408,3.29968094826,3.23486495018,1.71883678436,0.464940071106,3.86737704277
0.489,0.342409133911,0.285259008408,3.30099797249,3.2345700264,1.70287394524,0.463580846786,4.03422498703
0.49,0.342409133911,0.285259008408,3.30052518845,3.23543000221,1.71908903122,0.46543598175,3.86083912849
0.491,0.342409133911,0.285259008408,3.31114983559,3.23488688469,1.71693491936,0.466686010361,3.86295104027
0.492,0.342409133911,0.285259008408,3.2831389904,3.22761011124,1.71924614906,0.461364030838,3.86602115631
0.493,0.342409133911,0.285259008408,3.30727410316,3.2380759716,1.71603298187,0.465860128403,3.85715198517
0.494,0.342409133911,0.285259008408,3.30356907845,3.23820209503,1.73237419128,0.466258049011,3.86358189583
0.495,0.342409133911,0.285259008408,3.30422711372,3.22882199287,1.71379995346,0.464500904083,3.86415719986
0.496,0.342409133911,0.285259008408,3.32225894928,3.23549199104,1.72764611244,0.464496850967,3.85731101036
0.497,0.342409133911,0.285259008408,3.29946804047,3.2239151001,1.6998360157,0.451657056808,3.8767311573
0.498,0.342409133911,0.285259008408,3.29719805717,3.2358019352,1.67097401619,0.455653190613,3.91765403748
0.499,0.342409133911,0.285259008408,3.37998700142,3.22091913223,1.68379402161,0.450587034225,3.89721608162
0.5,0.342409133911,0.285259008408,3.25840711594,3.23594403267,1.6829199791,0.452389955521,3.91971993446
0.501,0.342409133911,0.285259008408,3.30134701729,3.22373890877,1.67580890656,0.451185941696,3.88584089279
0.502,0.342409133911,0.285259008408,3.27617883682,3.22732901573,1.73322200775,0.470050811768,4.23975610733
0.503,0.342409133911,0.285259008408,3.32857108116,3.24375891685,1.72459793091,0.468792915344,3.8761920929
0.504,0.342409133911,0.285259008408,3.3132750988,3.2491350174,1.71722507477,0.468682050705,3.88640999794
0.505,0.342409133911,0.285259008408,3.32887101173,3.25638914108,1.73129701614,0.464051008224,3.87963485718
0.506,0.342409133911,0.285259008408,3.31587505341,3.25273084641,1.70627307892,0.463051080704,3.89611101151
0.507,0.342409133911,0.285259008408,3.31744408607,3.24452090263,1.68305301666,0.453042030334,3.94442200661
0.508,0.342409133911,0.285259008408,3.32032489777,3.29912590981,1.67483091354,0.452949047089,3.93771791458
0.509,0.342409133911,0.285259008408,3.33558893204,3.24833798409,1.67745995522,0.452350139618,4.01065993309
0.51,0.342409133911,0.285259008408,3.33709192276,3.25565600395,1.68737792969,0.45498085022,3.92962002754
0.511,0.342409133911,0.285259008408,3.33562612534,3.25119614601,1.68185019493,0.455512046814,3.9353659153
0.512,0.342409133911,0.285259008408,3.54355502129,3.44365310669,1.73229384422,0.469341993332,3.87408614159
0.513,0.342409133911,0.285259008408,3.33062887192,3.26930999756,1.71982812881,0.473160028458,3.89093399048
0.514,0.342409133911,0.285259008408,3.32043194771,3.26131701469,1.71675801277,0.464281082153,3.90546607971
0.515,0.342409133911,0.285259008408,3.32714080811,3.2600479126,1.72166895866,0.472640991211,3.88897895813
0.516,0.342409133911,0.285259008408,3.32210707664,3.25956606865,1.72282600403,0.463760137558,3.90381097794
0.517,0.342409133911,0.285259008408,3.31588482857,3.41040205956,1.69702386856,0.448648929596,3.91787600517
0.518,0.342409133911,0.285259008408,3.32953810692,3.24971699715,1.70851206779,0.462172985077,3.8986890316
0.519,0.342409133911,0.285259008408,3.3482298851,3.25822401047,1.7168879509,0.463658094406,3.89370512962
0.52,0.342409133911,0.285259008408,3.33129191399,3.25129294395,1.72534108162,0.466137170792,3.89350700378
0.521,0.342409133911,0.285259008408,3.33186292648,3.26204204559,1.72235608101,0.465776920319,3.8923869133
0.522,0.342409133911,0.285259008408,3.32036304474,3.25023293495,1.70994091034,0.463413000107,3.91263389587
0.523,0.342409133911,0.285259008408,3.32806515694,3.25979995728,1.72511315346,0.466377973557,3.91614079475
0.524,0.342409133911,0.285259008408,3.3393099308,3.35227203369,1.71255588531,0.463754892349,3.94039511681
0.525,0.342409133911,0.285259008408,3.3262181282,3.25659489632,1.71524190903,0.472697973251,4.19307303429
